0
0	6	613	0	0	610	611	0	0	0	0	1	1	10	65	3000000		1	32	0	0	0	0	0	0	0	0	0	0	0	0	0	0	0	0	0	0	0	0	0	0	0	0	0	0	0	0	0	0	0	0	0	0	0	0	0	0	0	0	0	0	0	0	0	0	0	0	0	0	0	0	0	0	0	0	0	0	0	0	0	0	0	90	65	65	85	85	85	0	0	0	7190	7190	0	255	0	255	0	255	1	1	0	6159	6159	0	255	0	255	0	255	1	1	0	0	0	0	0	0	0	0	0	0	0	0	0	0	0	0	0	0	0	0	0	0	0	0	0	0	0	0	0	0	0	0	0	0	0	0	0	0	0	0	0	0	0	0	0	0	0	0	0	0	0	0	0	0	0	0	0	0	0	0	0	0	0	0	0	0	0	2
1	3	604	0	0	606	607	608	0	0	0	5	4	10	65	2000000		1	0	1114636288	0	0	0	0	0	0	0	0	0	0	0	0	0	0	0	0	0	0	0	0	0	0	0	0	0	0	0	0	0	0	0	0	0	0	0	0	0	0	0	0	0	0	0	0	0	0	0	0	0	0	0	0	0	0	0	0	0	0	0	0	0	0	60	69	85	85	65	65	0	0	0	6344	6358	9	9	0	255	0	255	1	1	32	6159	6159	0	255	0	255	0	255	1	1	0	7181	7181	0	255	0	255	0	255	1	1	0	7182	7182	0	255	0	255	0	255	1	1	0	0	0	0	0	0	0	0	0	0	0	0	0	0	0	0	0	0	0	0	0	0	0	0	0	0	0	0	0	0	0	0	0	0	0	0	0	0	0	0	0	0	0	0	0	4
2	3	604	0	0	606	607	608	0	0	0	5	4	10	65	2000000		3	0	1112014848	1	0	64	0	0	0	0	0	0	0	0	0	0	0	0	0	0	0	0	0	0	0	0	0	0	0	0	0	0	0	0	0	0	0	0	0	0	0	0	0	0	0	0	0	0	0	0	0	0	0	0	0	0	0	0	0	0	0	0	0	0	0	75	69	65	65	85	85	0	0	0	0	7167	9	9	0	255	0	255	1	1	1	6159	6159	0	255	0	255	0	255	1	1	0	7181	7181	0	255	0	255	0	255	1	1	0	7182	7182	0	255	0	255	0	255	1	1	0	0	0	0	0	0	0	0	0	0	0	0	0	0	0	0	0	0	0	0	0	0	0	0	0	0	0	0	0	0	0	0	0	0	0	0	0	0	0	0	0	0	0	0	0	4
3	3	604	0	0	606	607	608	0	0	0	5	4	10	65	2000000		3	0	1112014848	1	0	64	0	0	0	0	0	0	0	0	0	0	0	0	0	0	0	0	0	0	0	0	0	0	0	0	0	0	0	0	0	0	0	0	0	0	0	0	0	0	0	0	0	0	0	0	0	0	0	0	0	0	0	0	0	0	0	0	0	0	0	75	69	65	65	85	85	0	0	0	0	7167	9	9	0	255	0	255	1	1	4	6159	6159	0	255	0	255	0	255	1	1	0	7181	7181	0	255	0	255	0	255	1	1	0	7182	7182	0	255	0	255	0	255	1	1	0	0	0	0	0	0	0	0	0	0	0	0	0	0	0	0	0	0	0	0	0	0	0	0	0	0	0	0	0	0	0	0	0	0	0	0	0	0	0	0	0	0	0	0	0	4
4	3	604	0	0	606	607	608	0	0	0	5	4	10	65	2000000		3	0	1112014848	1	0	64	0	0	0	0	0	0	0	0	0	0	0	0	0	0	0	0	0	0	0	0	0	0	0	0	0	0	0	0	0	0	0	0	0	0	0	0	0	0	0	0	0	0	0	0	0	0	0	0	0	0	0	0	0	0	0	0	0	0	0	75	69	65	65	85	85	0	0	0	0	7167	9	9	0	255	0	255	1	1	2	6159	6159	0	255	0	255	0	255	1	1	0	7181	7181	0	255	0	255	0	255	1	1	0	7182	7182	0	255	0	255	0	255	1	1	0	0	0	0	0	0	0	0	0	0	0	0	0	0	0	0	0	0	0	0	0	0	0	0	0	0	0	0	0	0	0	0	0	0	0	0	0	0	0	0	0	0	0	0	0	4
5	3	604	0	0	606	607	608	0	0	0	5	4	10	65	2000000		3	0	1109393408	1	0	64	0	0	0	0	0	0	0	0	0	0	0	0	0	0	0	0	0	0	0	0	0	0	0	0	0	0	0	0	0	0	0	0	0	0	0	0	0	0	0	0	0	0	0	0	0	0	0	0	0	0	0	0	0	0	0	0	0	0	0	65	69	65	65	85	85	0	0	0	0	7167	9	9	0	255	0	255	1	1	16	6159	6159	0	255	0	255	0	255	1	1	0	7181	7181	0	255	0	255	0	255	1	1	0	7182	7182	0	255	0	255	0	255	1	1	0	0	0	0	0	0	0	0	0	0	0	0	0	0	0	0	0	0	0	0	0	0	0	0	0	0	0	0	0	0	0	0	0	0	0	0	0	0	0	0	0	0	0	0	0	4
6	3	604	0	0	606	607	608	0	0	0	5	4	10	65	2000000		3	0	1114636288	1	0	64	0	0	0	0	0	0	0	0	0	0	0	0	0	0	0	0	0	0	0	0	0	0	0	0	0	0	0	0	0	0	0	0	0	0	0	0	0	0	0	0	0	0	0	0	0	0	0	0	0	0	0	0	0	0	0	0	0	0	0	85	69	65	65	85	85	0	0	0	0	7167	9	9	0	255	0	255	1	1	0	6159	6159	0	255	0	255	0	255	1	1	0	7181	7181	0	255	0	255	0	255	1	1	0	7182	7182	0	255	0	255	0	255	1	1	0	0	0	0	0	0	0	0	0	0	0	0	0	0	0	0	0	0	0	0	0	0	0	0	0	0	0	0	0	0	0	0	0	0	0	0	0	0	0	0	0	0	0	0	0	4
7	4	605	0	0	606	607	608	0	0	0	5	4	10	65	4000000		1	0	1113325568	0	0	0	0	0	0	0	0	0	0	0	0	0	0	0	0	0	0	0	0	0	0	0	0	0	0	0	0	0	0	0	0	0	0	0	0	0	0	0	0	0	0	0	0	0	0	0	0	0	0	0	0	0	0	0	0	0	0	0	0	0	0	55	65	85	85	65	65	0	0	0	6344	6358	10	10	0	255	0	255	1	1	32	6159	6159	0	255	0	255	0	255	1	1	0	7181	7181	0	255	0	255	0	255	2	2	0	7182	7182	0	255	0	255	0	255	2	2	0	0	0	0	0	0	0	0	0	0	0	0	0	0	0	0	0	0	0	0	0	0	0	0	0	0	0	0	0	0	0	0	0	0	0	0	0	0	0	0	0	0	0	0	0	4
8	4	605	0	0	606	607	608	0	0	0	5	4	10	65	4000000		3	0	1112014848	1	0	64	0	0	0	0	0	0	0	0	0	0	0	0	0	0	0	0	0	0	0	0	0	0	0	0	0	0	0	0	0	0	0	0	0	0	0	0	0	0	0	0	0	0	0	0	0	0	0	0	0	0	0	0	0	0	0	0	0	0	0	75	69	65	65	85	85	0	0	0	0	7167	10	10	0	255	0	255	1	1	1	6159	6159	0	255	0	255	0	255	1	1	0	7181	7181	0	255	0	255	0	255	2	2	0	7182	7182	0	255	0	255	0	255	2	2	0	0	0	0	0	0	0	0	0	0	0	0	0	0	0	0	0	0	0	0	0	0	0	0	0	0	0	0	0	0	0	0	0	0	0	0	0	0	0	0	0	0	0	0	0	4
9	4	605	0	0	606	607	608	0	0	0	5	4	10	65	4000000		3	0	1112014848	1	0	64	0	0	0	0	0	0	0	0	0	0	0	0	0	0	0	0	0	0	0	0	0	0	0	0	0	0	0	0	0	0	0	0	0	0	0	0	0	0	0	0	0	0	0	0	0	0	0	0	0	0	0	0	0	0	0	0	0	0	0	75	69	65	65	85	85	0	0	0	0	7167	10	10	0	255	0	255	1	1	4	6159	6159	0	255	0	255	0	255	1	1	0	7181	7181	0	255	0	255	0	255	2	2	0	7182	7182	0	255	0	255	0	255	2	2	0	0	0	0	0	0	0	0	0	0	0	0	0	0	0	0	0	0	0	0	0	0	0	0	0	0	0	0	0	0	0	0	0	0	0	0	0	0	0	0	0	0	0	0	0	4
10	4	605	0	0	606	607	608	0	0	0	5	4	10	65	4000000		3	0	1112014848	1	0	64	0	0	0	0	0	0	0	0	0	0	0	0	0	0	0	0	0	0	0	0	0	0	0	0	0	0	0	0	0	0	0	0	0	0	0	0	0	0	0	0	0	0	0	0	0	0	0	0	0	0	0	0	0	0	0	0	0	0	0	75	69	65	65	85	85	0	0	0	0	7167	10	10	0	255	0	255	1	1	2	6159	6159	0	255	0	255	0	255	1	1	0	7181	7181	0	255	0	255	0	255	2	2	0	7182	7182	0	255	0	255	0	255	2	2	0	0	0	0	0	0	0	0	0	0	0	0	0	0	0	0	0	0	0	0	0	0	0	0	0	0	0	0	0	0	0	0	0	0	0	0	0	0	0	0	0	0	0	0	0	4
11	4	605	0	0	606	607	608	0	0	0	5	4	10	65	4000000		3	0	1109393408	1	0	64	0	0	0	0	0	0	0	0	0	0	0	0	0	0	0	0	0	0	0	0	0	0	0	0	0	0	0	0	0	0	0	0	0	0	0	0	0	0	0	0	0	0	0	0	0	0	0	0	0	0	0	0	0	0	0	0	0	0	0	65	69	65	65	85	85	0	0	0	0	7167	10	10	0	255	0	255	1	1	16	6159	6159	0	255	0	255	0	255	1	1	0	7181	7181	0	255	0	255	0	255	2	2	0	7182	7182	0	255	0	255	0	255	2	2	0	0	0	0	0	0	0	0	0	0	0	0	0	0	0	0	0	0	0	0	0	0	0	0	0	0	0	0	0	0	0	0	0	0	0	0	0	0	0	0	0	0	0	0	0	4
12	4	605	0	0	606	607	608	0	0	0	5	4	10	65	4000000		3	0	1114636288	1	0	64	0	0	0	0	0	0	0	0	0	0	0	0	0	0	0	0	0	0	0	0	0	0	0	0	0	0	0	0	0	0	0	0	0	0	0	0	0	0	0	0	0	0	0	0	0	0	0	0	0	0	0	0	0	0	0	0	0	0	0	85	69	65	65	85	85	0	0	0	0	7167	10	10	0	255	0	255	1	1	0	6159	6159	0	255	0	255	0	255	1	1	0	7181	7181	0	255	0	255	0	255	2	2	0	7182	7182	0	255	0	255	0	255	2	2	0	0	0	0	0	0	0	0	0	0	0	0	0	0	0	0	0	0	0	0	0	0	0	0	0	0	0	0	0	0	0	0	0	0	0	0	0	0	0	0	0	0	0	0	0	4
13	22	665	0	0	606	607	608	0	0	0	5	4	10	65	6000000		1	0	1112014848	0	0	0	0	0	0	0	0	0	0	0	0	0	0	0	0	0	0	0	0	0	0	0	0	0	0	0	0	0	0	0	0	0	0	0	0	0	0	0	0	0	0	0	0	0	0	0	0	0	0	0	0	0	0	0	0	0	0	0	0	0	0	50	65	85	85	65	65	0	0	0	6344	6358	11	11	0	255	0	255	1	1	32	6159	6159	0	255	0	255	0	255	1	1	0	7181	7181	0	255	0	255	0	255	3	3	0	7182	7182	0	255	0	255	0	255	3	3	0	0	0	0	0	0	0	0	0	0	0	0	0	0	0	0	0	0	0	0	0	0	0	0	0	0	0	0	0	0	0	0	0	0	0	0	0	0	0	0	0	0	0	0	0	4
14	22	665	0	0	606	607	608	0	0	0	5	4	10	65	6000000		3	0	1110704128	1	0	64	0	0	0	0	0	0	0	0	0	0	0	0	0	0	0	0	0	0	0	0	0	0	0	0	0	0	0	0	0	0	0	0	0	0	0	0	0	0	0	0	0	0	0	0	0	0	0	0	0	0	0	0	0	0	0	0	0	0	0	70	69	65	65	85	85	0	0	0	0	7167	11	11	0	255	0	255	1	1	1	6159	6159	0	255	0	255	0	255	1	1	0	7181	7181	0	255	0	255	0	255	3	3	0	7182	7182	0	255	0	255	0	255	3	3	0	0	0	0	0	0	0	0	0	0	0	0	0	0	0	0	0	0	0	0	0	0	0	0	0	0	0	0	0	0	0	0	0	0	0	0	0	0	0	0	0	0	0	0	0	4
15	22	665	0	0	606	607	608	0	0	0	5	4	10	65	6000000		3	0	1110704128	1	0	64	0	0	0	0	0	0	0	0	0	0	0	0	0	0	0	0	0	0	0	0	0	0	0	0	0	0	0	0	0	0	0	0	0	0	0	0	0	0	0	0	0	0	0	0	0	0	0	0	0	0	0	0	0	0	0	0	0	0	0	70	69	65	65	85	85	0	0	0	0	7167	11	11	0	255	0	255	1	1	4	6159	6159	0	255	0	255	0	255	1	1	0	7181	7181	0	255	0	255	0	255	3	3	0	7182	7182	0	255	0	255	0	255	3	3	0	0	0	0	0	0	0	0	0	0	0	0	0	0	0	0	0	0	0	0	0	0	0	0	0	0	0	0	0	0	0	0	0	0	0	0	0	0	0	0	0	0	0	0	0	4
16	22	665	0	0	606	607	608	0	0	0	5	4	10	65	6000000		3	0	1110704128	1	0	64	0	0	0	0	0	0	0	0	0	0	0	0	0	0	0	0	0	0	0	0	0	0	0	0	0	0	0	0	0	0	0	0	0	0	0	0	0	0	0	0	0	0	0	0	0	0	0	0	0	0	0	0	0	0	0	0	0	0	0	70	69	65	65	85	85	0	0	0	0	7167	11	11	0	255	0	255	1	1	2	6159	6159	0	255	0	255	0	255	1	1	0	7181	7181	0	255	0	255	0	255	3	3	0	7182	7182	0	255	0	255	0	255	3	3	0	0	0	0	0	0	0	0	0	0	0	0	0	0	0	0	0	0	0	0	0	0	0	0	0	0	0	0	0	0	0	0	0	0	0	0	0	0	0	0	0	0	0	0	0	4
17	22	665	0	0	606	607	608	0	0	0	5	4	10	65	6000000		3	0	1108082688	1	0	64	0	0	0	0	0	0	0	0	0	0	0	0	0	0	0	0	0	0	0	0	0	0	0	0	0	0	0	0	0	0	0	0	0	0	0	0	0	0	0	0	0	0	0	0	0	0	0	0	0	0	0	0	0	0	0	0	0	0	0	60	69	65	65	85	85	0	0	0	0	7167	11	11	0	255	0	255	1	1	16	6159	6159	0	255	0	255	0	255	1	1	0	7181	7181	0	255	0	255	0	255	3	3	0	7182	7182	0	255	0	255	0	255	3	3	0	0	0	0	0	0	0	0	0	0	0	0	0	0	0	0	0	0	0	0	0	0	0	0	0	0	0	0	0	0	0	0	0	0	0	0	0	0	0	0	0	0	0	0	0	4
18	22	665	0	0	606	607	608	0	0	0	5	4	10	65	6000000		3	0	1113325568	1	0	64	0	0	0	0	0	0	0	0	0	0	0	0	0	0	0	0	0	0	0	0	0	0	0	0	0	0	0	0	0	0	0	0	0	0	0	0	0	0	0	0	0	0	0	0	0	0	0	0	0	0	0	0	0	0	0	0	0	0	0	80	69	65	65	85	85	0	0	0	0	7167	11	11	0	255	0	255	1	1	0	6159	6159	0	255	0	255	0	255	1	1	0	7181	7181	0	255	0	255	0	255	3	3	0	7182	7182	0	255	0	255	0	255	3	3	0	0	0	0	0	0	0	0	0	0	0	0	0	0	0	0	0	0	0	0	0	0	0	0	0	0	0	0	0	0	0	0	0	0	0	0	0	0	0	0	0	0	0	0	0	4
19	23	666	0	0	606	607	608	0	0	0	5	4	10	65	8000000		1	0	1110704128	0	0	0	0	0	0	0	0	0	0	0	0	0	0	0	0	0	0	0	0	0	0	0	0	0	0	0	0	0	0	0	0	0	0	0	0	0	0	0	0	0	0	0	0	0	0	0	0	0	0	0	0	0	0	0	0	0	0	0	0	0	0	45	65	85	85	65	65	0	0	0	6344	6358	12	12	0	255	0	255	1	1	32	6159	6159	0	255	0	255	0	255	1	1	0	7181	7181	0	255	0	255	0	255	4	4	0	7182	7182	0	255	0	255	0	255	4	4	0	0	0	0	0	0	0	0	0	0	0	0	0	0	0	0	0	0	0	0	0	0	0	0	0	0	0	0	0	0	0	0	0	0	0	0	0	0	0	0	0	0	0	0	0	4
20	23	666	0	0	606	607	608	0	0	0	5	4	10	65	8000000		3	0	1110704128	1	0	64	0	0	0	0	0	0	0	0	0	0	0	0	0	0	0	0	0	0	0	0	0	0	0	0	0	0	0	0	0	0	0	0	0	0	0	0	0	0	0	0	0	0	0	0	0	0	0	0	0	0	0	0	0	0	0	0	0	0	0	70	69	65	65	85	85	0	0	0	0	7167	12	12	0	255	0	255	1	1	1	6159	6159	0	255	0	255	0	255	1	1	0	7181	7181	0	255	0	255	0	255	4	4	0	7182	7182	0	255	0	255	0	255	4	4	0	0	0	0	0	0	0	0	0	0	0	0	0	0	0	0	0	0	0	0	0	0	0	0	0	0	0	0	0	0	0	0	0	0	0	0	0	0	0	0	0	0	0	0	0	4
21	23	666	0	0	606	607	608	0	0	0	5	4	10	65	8000000		3	0	1110704128	1	0	64	0	0	0	0	0	0	0	0	0	0	0	0	0	0	0	0	0	0	0	0	0	0	0	0	0	0	0	0	0	0	0	0	0	0	0	0	0	0	0	0	0	0	0	0	0	0	0	0	0	0	0	0	0	0	0	0	0	0	0	70	69	65	65	85	85	0	0	0	0	7167	12	12	0	255	0	255	1	1	4	6159	6159	0	255	0	255	0	255	1	1	0	7181	7181	0	255	0	255	0	255	4	4	0	7182	7182	0	255	0	255	0	255	4	4	0	0	0	0	0	0	0	0	0	0	0	0	0	0	0	0	0	0	0	0	0	0	0	0	0	0	0	0	0	0	0	0	0	0	0	0	0	0	0	0	0	0	0	0	0	4
22	23	666	0	0	606	607	608	0	0	0	5	4	10	65	8000000		3	0	1110704128	1	0	64	0	0	0	0	0	0	0	0	0	0	0	0	0	0	0	0	0	0	0	0	0	0	0	0	0	0	0	0	0	0	0	0	0	0	0	0	0	0	0	0	0	0	0	0	0	0	0	0	0	0	0	0	0	0	0	0	0	0	0	70	69	65	65	85	85	0	0	0	0	7167	12	12	0	255	0	255	1	1	2	6159	6159	0	255	0	255	0	255	1	1	0	7181	7181	0	255	0	255	0	255	4	4	0	7182	7182	0	255	0	255	0	255	4	4	0	0	0	0	0	0	0	0	0	0	0	0	0	0	0	0	0	0	0	0	0	0	0	0	0	0	0	0	0	0	0	0	0	0	0	0	0	0	0	0	0	0	0	0	0	4
23	23	666	0	0	606	607	608	0	0	0	5	4	10	65	8000000		3	0	1108082688	1	0	64	0	0	0	0	0	0	0	0	0	0	0	0	0	0	0	0	0	0	0	0	0	0	0	0	0	0	0	0	0	0	0	0	0	0	0	0	0	0	0	0	0	0	0	0	0	0	0	0	0	0	0	0	0	0	0	0	0	0	0	60	69	65	65	85	85	0	0	0	0	7167	12	12	0	255	0	255	1	1	16	6159	6159	0	255	0	255	0	255	1	1	0	7181	7181	0	255	0	255	0	255	4	4	0	7182	7182	0	255	0	255	0	255	4	4	0	0	0	0	0	0	0	0	0	0	0	0	0	0	0	0	0	0	0	0	0	0	0	0	0	0	0	0	0	0	0	0	0	0	0	0	0	0	0	0	0	0	0	0	0	4
24	23	666	0	0	606	607	608	0	0	0	5	4	10	65	8000000		3	0	1113325568	1	0	64	0	0	0	0	0	0	0	0	0	0	0	0	0	0	0	0	0	0	0	0	0	0	0	0	0	0	0	0	0	0	0	0	0	0	0	0	0	0	0	0	0	0	0	0	0	0	0	0	0	0	0	0	0	0	0	0	0	0	0	80	69	65	65	85	85	0	0	0	0	7167	12	12	0	255	0	255	1	1	0	6159	6159	0	255	0	255	0	255	1	1	0	7181	7181	0	255	0	255	0	255	4	4	0	7182	7182	0	255	0	255	0	255	4	4	0	0	0	0	0	0	0	0	0	0	0	0	0	0	0	0	0	0	0	0	0	0	0	0	0	0	0	0	0	0	0	0	0	0	0	0	0	0	0	0	0	0	0	0	0	4
25	49	3086	0	0	606	607	608	0	0	0	5	4	10	65	10000000	1	0	1109393408	0	0	0	0	0	0	0	0	0	0	0	0	0	0	0	0	0	0	0	0	0	0	0	0	0	0	0	0	0	0	0	0	0	0	0	0	0	0	0	0	0	0	0	0	0	0	0	0	0	0	0	0	0	0	0	0	0	0	0	0	0	0	40	65	85	85	65	65	0	0	0	6344	6358	13	13	0	255	0	255	1	1	32	6159	6159	0	255	0	255	0	255	1	1	0	7181	7181	0	255	0	255	0	255	5	5	0	7182	7182	0	255	0	255	0	255	5	5	0	0	0	0	0	0	0	0	0	0	0	0	0	0	0	0	0	0	0	0	0	0	0	0	0	0	0	0	0	0	0	0	0	0	0	0	0	0	0	0	0	0	0	0	0	4
26	49	3086	0	0	606	607	608	0	0	0	5	4	10	65	10000000	3	0	1109393408	1	0	64	0	0	0	0	0	0	0	0	0	0	0	0	0	0	0	0	0	0	0	0	0	0	0	0	0	0	0	0	0	0	0	0	0	0	0	0	0	0	0	0	0	0	0	0	0	0	0	0	0	0	0	0	0	0	0	0	0	0	0	65	69	65	65	85	85	0	0	0	0	7167	13	13	0	255	0	255	1	1	1	6159	6159	0	255	0	255	0	255	1	1	0	7181	7181	0	255	0	255	0	255	5	5	0	7182	7182	0	255	0	255	0	255	5	5	0	0	0	0	0	0	0	0	0	0	0	0	0	0	0	0	0	0	0	0	0	0	0	0	0	0	0	0	0	0	0	0	0	0	0	0	0	0	0	0	0	0	0	0	0	4
27	49	3086	0	0	606	607	608	0	0	0	5	4	10	65	10000000	3	0	1109393408	1	0	64	0	0	0	0	0	0	0	0	0	0	0	0	0	0	0	0	0	0	0	0	0	0	0	0	0	0	0	0	0	0	0	0	0	0	0	0	0	0	0	0	0	0	0	0	0	0	0	0	0	0	0	0	0	0	0	0	0	0	0	65	69	65	65	85	85	0	0	0	0	7167	13	13	0	255	0	255	1	1	4	6159	6159	0	255	0	255	0	255	1	1	0	7181	7181	0	255	0	255	0	255	5	5	0	7182	7182	0	255	0	255	0	255	5	5	0	0	0	0	0	0	0	0	0	0	0	0	0	0	0	0	0	0	0	0	0	0	0	0	0	0	0	0	0	0	0	0	0	0	0	0	0	0	0	0	0	0	0	0	0	4
28	49	3086	0	0	606	607	608	0	0	0	5	4	10	65	10000000	3	0	1109393408	1	0	64	0	0	0	0	0	0	0	0	0	0	0	0	0	0	0	0	0	0	0	0	0	0	0	0	0	0	0	0	0	0	0	0	0	0	0	0	0	0	0	0	0	0	0	0	0	0	0	0	0	0	0	0	0	0	0	0	0	0	0	65	69	65	65	85	85	0	0	0	0	7167	13	13	0	255	0	255	1	1	2	6159	6159	0	255	0	255	0	255	1	1	0	7181	7181	0	255	0	255	0	255	5	5	0	7182	7182	0	255	0	255	0	255	5	5	0	0	0	0	0	0	0	0	0	0	0	0	0	0	0	0	0	0	0	0	0	0	0	0	0	0	0	0	0	0	0	0	0	0	0	0	0	0	0	0	0	0	0	0	0	4
29	49	3086	0	0	606	607	608	0	0	0	5	4	10	65	10000000	3	0	1106247680	1	0	64	0	0	0	0	0	0	0	0	0	0	0	0	0	0	0	0	0	0	0	0	0	0	0	0	0	0	0	0	0	0	0	0	0	0	0	0	0	0	0	0	0	0	0	0	0	0	0	0	0	0	0	0	0	0	0	0	0	0	0	55	69	65	65	85	85	0	0	0	0	7167	13	13	0	255	0	255	1	1	16	6159	6159	0	255	0	255	0	255	1	1	0	7181	7181	0	255	0	255	0	255	5	5	0	7182	7182	0	255	0	255	0	255	5	5	0	0	0	0	0	0	0	0	0	0	0	0	0	0	0	0	0	0	0	0	0	0	0	0	0	0	0	0	0	0	0	0	0	0	0	0	0	0	0	0	0	0	0	0	0	4
30	49	3086	0	0	606	607	608	0	0	0	5	4	10	65	10000000	3	0	1112014848	1	0	64	0	0	0	0	0	0	0	0	0	0	0	0	0	0	0	0	0	0	0	0	0	0	0	0	0	0	0	0	0	0	0	0	0	0	0	0	0	0	0	0	0	0	0	0	0	0	0	0	0	0	0	0	0	0	0	0	0	0	0	75	69	65	65	85	85	0	0	0	0	7167	13	13	0	255	0	255	1	1	0	6159	6159	0	255	0	255	0	255	1	1	0	7181	7181	0	255	0	255	0	255	5	5	0	7182	7182	0	255	0	255	0	255	5	5	0	0	0	0	0	0	0	0	0	0	0	0	0	0	0	0	0	0	0	0	0	0	0	0	0	0	0	0	0	0	0	0	0	0	0	0	0	0	0	0	0	0	0	0	0	4
31	50	3087	0	0	606	607	608	0	0	0	5	4	10	65	12000000	1	0	1106247680	0	0	0	0	0	0	0	0	0	0	0	0	0	0	0	0	0	0	0	0	0	0	0	0	0	0	0	0	0	0	0	0	0	0	0	0	0	0	0	0	0	0	0	0	0	0	0	0	0	0	0	0	0	0	0	0	0	0	0	0	0	0	30	65	85	85	65	65	0	0	0	6344	6358	14	14	0	255	0	255	1	1	32	6159	6159	0	255	0	255	0	255	1	1	0	7181	7181	0	255	0	255	0	255	6	6	0	7182	7182	0	255	0	255	0	255	6	6	0	0	0	0	0	0	0	0	0	0	0	0	0	0	0	0	0	0	0	0	0	0	0	0	0	0	0	0	0	0	0	0	0	0	0	0	0	0	0	0	0	0	0	0	0	4
32	50	3087	0	0	606	607	608	0	0	0	5	4	10	65	12000000	3	0	1109393408	1	0	64	0	0	0	0	0	0	0	0	0	0	0	0	0	0	0	0	0	0	0	0	0	0	0	0	0	0	0	0	0	0	0	0	0	0	0	0	0	0	0	0	0	0	0	0	0	0	0	0	0	0	0	0	0	0	0	0	0	0	0	65	69	65	65	85	85	0	0	0	0	7167	14	14	0	255	0	255	1	1	1	6159	6159	0	255	0	255	0	255	1	1	0	7181	7181	0	255	0	255	0	255	6	6	0	7182	7182	0	255	0	255	0	255	6	6	0	0	0	0	0	0	0	0	0	0	0	0	0	0	0	0	0	0	0	0	0	0	0	0	0	0	0	0	0	0	0	0	0	0	0	0	0	0	0	0	0	0	0	0	0	4
33	50	3087	0	0	606	607	608	0	0	0	5	4	10	65	12000000	3	0	1109393408	1	0	64	0	0	0	0	0	0	0	0	0	0	0	0	0	0	0	0	0	0	0	0	0	0	0	0	0	0	0	0	0	0	0	0	0	0	0	0	0	0	0	0	0	0	0	0	0	0	0	0	0	0	0	0	0	0	0	0	0	0	0	65	69	65	65	85	85	0	0	0	0	7167	14	14	0	255	0	255	1	1	4	6159	6159	0	255	0	255	0	255	1	1	0	7181	7181	0	255	0	255	0	255	6	6	0	7182	7182	0	255	0	255	0	255	6	6	0	0	0	0	0	0	0	0	0	0	0	0	0	0	0	0	0	0	0	0	0	0	0	0	0	0	0	0	0	0	0	0	0	0	0	0	0	0	0	0	0	0	0	0	0	4
34	50	3087	0	0	606	607	608	0	0	0	5	4	10	65	12000000	3	0	1109393408	1	0	64	0	0	0	0	0	0	0	0	0	0	0	0	0	0	0	0	0	0	0	0	0	0	0	0	0	0	0	0	0	0	0	0	0	0	0	0	0	0	0	0	0	0	0	0	0	0	0	0	0	0	0	0	0	0	0	0	0	0	0	65	69	65	65	85	85	0	0	0	0	7167	14	14	0	255	0	255	1	1	2	6159	6159	0	255	0	255	0	255	1	1	0	7181	7181	0	255	0	255	0	255	6	6	0	7182	7182	0	255	0	255	0	255	6	6	0	0	0	0	0	0	0	0	0	0	0	0	0	0	0	0	0	0	0	0	0	0	0	0	0	0	0	0	0	0	0	0	0	0	0	0	0	0	0	0	0	0	0	0	0	4
35	50	3087	0	0	606	607	608	0	0	0	5	4	10	65	12000000	3	0	1106247680	1	0	64	0	0	0	0	0	0	0	0	0	0	0	0	0	0	0	0	0	0	0	0	0	0	0	0	0	0	0	0	0	0	0	0	0	0	0	0	0	0	0	0	0	0	0	0	0	0	0	0	0	0	0	0	0	0	0	0	0	0	0	55	69	65	65	85	85	0	0	0	0	7167	14	14	0	255	0	255	1	1	16	6159	6159	0	255	0	255	0	255	1	1	0	7181	7181	0	255	0	255	0	255	6	6	0	7182	7182	0	255	0	255	0	255	6	6	0	0	0	0	0	0	0	0	0	0	0	0	0	0	0	0	0	0	0	0	0	0	0	0	0	0	0	0	0	0	0	0	0	0	0	0	0	0	0	0	0	0	0	0	0	4
36	50	3087	0	0	606	607	608	0	0	0	5	4	10	65	12000000	3	0	1112014848	1	0	64	0	0	0	0	0	0	0	0	0	0	0	0	0	0	0	0	0	0	0	0	0	0	0	0	0	0	0	0	0	0	0	0	0	0	0	0	0	0	0	0	0	0	0	0	0	0	0	0	0	0	0	0	0	0	0	0	0	0	0	75	69	65	65	85	85	0	0	0	0	7167	14	14	0	255	0	255	1	1	0	6159	6159	0	255	0	255	0	255	1	1	0	7181	7181	0	255	0	255	0	255	6	6	0	7182	7182	0	255	0	255	0	255	6	6	0	0	0	0	0	0	0	0	0	0	0	0	0	0	0	0	0	0	0	0	0	0	0	0	0	0	0	0	0	0	0	0	0	0	0	0	0	0	0	0	0	0	0	0	0	4
37	11	614	0	0	610	611	0	0	0	0	5	4	10	66	10000		3	33	0	4	0	0	1184645120	0	0	0	0	0	0	0	0	0	0	0	0	0	0	0	0	0	0	0	0	0	0	0	0	0	0	0	0	0	0	0	0	0	0	0	0	0	0	0	0	0	0	0	0	0	0	0	0	0	0	0	0	0	0	0	0	0	0	100	65	65	85	85	85	0	0	0	1030	1030	4	255	4	255	0	255	1	1	0	6159	6159	0	255	0	255	0	255	1	255	0	7182	7182	0	255	0	255	0	255	0	255	0	7181	7181	0	255	0	255	0	255	0	255	0	0	6143	4	255	4	255	0	255	0	255	0	0	0	0	0	0	0	0	0	0	0	0	0	0	0	0	0	0	0	0	0	0	0	0	0	0	0	0	0	0	0	0	0	0	5
38	11	614	0	0	610	611	0	0	0	0	5	4	10	66	10000		3	33	0	4	0	0	1184645120	0	0	0	0	0	0	0	0	0	0	0	0	0	0	0	0	0	0	0	0	0	0	0	0	0	0	0	0	0	0	0	0	0	0	0	0	0	0	0	0	0	0	0	0	0	0	0	0	0	0	0	0	0	0	0	0	0	0	100	65	65	85	85	85	0	0	0	2054	2054	4	255	4	255	0	255	1	1	0	6159	6159	0	255	0	255	0	255	1	255	0	7182	7182	0	255	0	255	0	255	0	255	0	7181	7181	0	255	0	255	0	255	0	255	0	0	6143	4	255	4	255	0	255	0	255	0	0	0	0	0	0	0	0	0	0	0	0	0	0	0	0	0	0	0	0	0	0	0	0	0	0	0	0	0	0	0	0	0	0	5
39	11	614	0	0	610	611	0	0	0	0	5	4	10	66	10000		3	33	0	4	0	0	1184645120	0	0	0	0	0	0	0	0	0	0	0	0	0	0	0	0	0	0	0	0	0	0	0	0	0	0	0	0	0	0	0	0	0	0	0	0	0	0	0	0	0	0	0	0	0	0	0	0	0	0	0	0	0	0	0	0	0	0	100	65	65	85	85	85	0	0	0	2567	2567	4	255	4	255	0	255	1	1	0	6159	6159	0	255	0	255	0	255	1	255	0	7182	7182	0	255	0	255	0	255	0	255	0	7181	7181	0	255	0	255	0	255	0	255	0	0	6143	4	255	4	255	0	255	0	255	0	0	0	0	0	0	0	0	0	0	0	0	0	0	0	0	0	0	0	0	0	0	0	0	0	0	0	0	0	0	0	0	0	0	5
40	11	614	0	0	2732	0	0	0	0	0	5	4	10	66	10000		3	33	0	4	0	0	1184645120	0	0	0	0	0	0	0	0	0	0	0	0	0	0	0	0	0	0	0	0	0	0	0	0	0	0	0	0	0	0	0	0	0	0	0	0	0	0	0	0	0	0	0	0	0	0	0	0	0	0	0	0	0	0	0	0	0	0	100	65	65	85	85	85	0	0	0	1030	1030	4	255	4	255	0	255	1	1	0	6159	6159	0	255	0	255	0	255	1	255	0	7182	7182	0	255	0	255	0	255	0	255	0	7181	7181	0	255	0	255	0	255	0	255	0	0	6143	4	255	4	255	0	255	0	255	0	6739	6739	0	255	0	255	0	255	0	255	0	0	0	0	0	0	0	0	0	0	0	0	0	0	0	0	0	0	0	0	0	0	0	6
41	11	614	0	0	2732	0	0	0	0	0	5	4	10	66	10000		3	33	0	4	0	0	1184645120	0	0	0	0	0	0	0	0	0	0	0	0	0	0	0	0	0	0	0	0	0	0	0	0	0	0	0	0	0	0	0	0	0	0	0	0	0	0	0	0	0	0	0	0	0	0	0	0	0	0	0	0	0	0	0	0	0	0	100	65	65	85	85	85	0	0	0	2054	2054	4	255	4	255	0	255	1	1	0	6159	6159	0	255	0	255	0	255	1	255	0	7182	7182	0	255	0	255	0	255	0	255	0	7181	7181	0	255	0	255	0	255	0	255	0	0	6143	4	255	4	255	0	255	0	255	0	6739	6739	0	255	0	255	0	255	0	255	0	0	0	0	0	0	0	0	0	0	0	0	0	0	0	0	0	0	0	0	0	0	0	6
42	11	614	0	0	2732	0	0	0	0	0	5	4	10	66	10000		3	33	0	4	0	0	1184645120	0	0	0	0	0	0	0	0	0	0	0	0	0	0	0	0	0	0	0	0	0	0	0	0	0	0	0	0	0	0	0	0	0	0	0	0	0	0	0	0	0	0	0	0	0	0	0	0	0	0	0	0	0	0	0	0	0	0	100	65	65	85	85	85	0	0	0	2567	2567	4	255	4	255	0	255	1	1	0	6159	6159	0	255	0	255	0	255	1	255	0	7182	7182	0	255	0	255	0	255	0	255	0	7181	7181	0	255	0	255	0	255	0	255	0	0	6143	4	255	4	255	0	255	0	255	0	6739	6739	0	255	0	255	0	255	0	255	0	0	0	0	0	0	0	0	0	0	0	0	0	0	0	0	0	0	0	0	0	0	0	6
43	11	614	0	0	2733	0	0	0	0	0	5	4	10	66	10000		3	33	0	4	0	0	1184645120	0	0	0	0	0	0	0	0	0	0	0	0	0	0	0	0	0	0	0	0	0	0	0	0	0	0	0	0	0	0	0	0	0	0	0	0	0	0	0	0	0	0	0	0	0	0	0	0	0	0	0	0	0	0	0	0	0	0	100	65	65	85	85	85	0	0	0	1030	1030	4	255	4	255	0	255	1	1	0	6159	6159	0	255	0	255	0	255	1	255	0	7182	7182	0	255	0	255	0	255	0	255	0	7181	7181	0	255	0	255	0	255	0	255	0	0	6143	4	255	4	255	0	255	0	255	0	6740	6740	0	255	0	255	0	255	0	255	0	0	0	0	0	0	0	0	0	0	0	0	0	0	0	0	0	0	0	0	0	0	0	6
44	11	614	0	0	2733	0	0	0	0	0	5	4	10	66	10000		3	33	0	4	0	0	1184645120	0	0	0	0	0	0	0	0	0	0	0	0	0	0	0	0	0	0	0	0	0	0	0	0	0	0	0	0	0	0	0	0	0	0	0	0	0	0	0	0	0	0	0	0	0	0	0	0	0	0	0	0	0	0	0	0	0	0	100	65	65	85	85	85	0	0	0	2054	2054	4	255	4	255	0	255	1	1	0	6159	6159	0	255	0	255	0	255	1	255	0	7182	7182	0	255	0	255	0	255	0	255	0	7181	7181	0	255	0	255	0	255	0	255	0	0	6143	4	255	4	255	0	255	0	255	0	6740	6740	0	255	0	255	0	255	0	255	0	0	0	0	0	0	0	0	0	0	0	0	0	0	0	0	0	0	0	0	0	0	0	6
45	11	614	0	0	2733	0	0	0	0	0	5	4	10	66	10000		3	33	0	4	0	0	1184645120	0	0	0	0	0	0	0	0	0	0	0	0	0	0	0	0	0	0	0	0	0	0	0	0	0	0	0	0	0	0	0	0	0	0	0	0	0	0	0	0	0	0	0	0	0	0	0	0	0	0	0	0	0	0	0	0	0	0	100	65	65	85	85	85	0	0	0	2567	2567	4	255	4	255	0	255	1	1	0	6159	6159	0	255	0	255	0	255	1	255	0	7182	7182	0	255	0	255	0	255	0	255	0	7181	7181	0	255	0	255	0	255	0	255	0	0	6143	4	255	4	255	0	255	0	255	0	6740	6740	0	255	0	255	0	255	0	255	0	0	0	0	0	0	0	0	0	0	0	0	0	0	0	0	0	0	0	0	0	0	0	6
46	11	614	0	0	2734	0	0	0	0	0	5	4	10	66	10000		3	33	0	4	0	0	1184645120	0	0	0	0	0	0	0	0	0	0	0	0	0	0	0	0	0	0	0	0	0	0	0	0	0	0	0	0	0	0	0	0	0	0	0	0	0	0	0	0	0	0	0	0	0	0	0	0	0	0	0	0	0	0	0	0	0	0	100	65	65	85	85	85	0	0	0	1030	1030	4	255	4	255	0	255	1	1	0	6159	6159	0	255	0	255	0	255	1	255	0	7182	7182	0	255	0	255	0	255	0	255	0	7181	7181	0	255	0	255	0	255	0	255	0	0	6143	4	255	4	255	0	255	0	255	0	6741	6741	0	255	0	255	0	255	0	255	0	0	0	0	0	0	0	0	0	0	0	0	0	0	0	0	0	0	0	0	0	0	0	6
47	11	614	0	0	2734	0	0	0	0	0	5	4	10	66	10000		3	33	0	4	0	0	1184645120	0	0	0	0	0	0	0	0	0	0	0	0	0	0	0	0	0	0	0	0	0	0	0	0	0	0	0	0	0	0	0	0	0	0	0	0	0	0	0	0	0	0	0	0	0	0	0	0	0	0	0	0	0	0	0	0	0	0	100	65	65	85	85	85	0	0	0	2054	2054	4	255	4	255	0	255	1	1	0	6159	6159	0	255	0	255	0	255	1	255	0	7182	7182	0	255	0	255	0	255	0	255	0	7181	7181	0	255	0	255	0	255	0	255	0	0	6143	4	255	4	255	0	255	0	255	0	6741	6741	0	255	0	255	0	255	0	255	0	0	0	0	0	0	0	0	0	0	0	0	0	0	0	0	0	0	0	0	0	0	0	6
48	11	614	0	0	2734	0	0	0	0	0	5	4	10	66	10000		3	33	0	4	0	0	1184645120	0	0	0	0	0	0	0	0	0	0	0	0	0	0	0	0	0	0	0	0	0	0	0	0	0	0	0	0	0	0	0	0	0	0	0	0	0	0	0	0	0	0	0	0	0	0	0	0	0	0	0	0	0	0	0	0	0	0	100	65	65	85	85	85	0	0	0	2567	2567	4	255	4	255	0	255	1	1	0	6159	6159	0	255	0	255	0	255	1	255	0	7182	7182	0	255	0	255	0	255	0	255	0	7181	7181	0	255	0	255	0	255	0	255	0	0	6143	4	255	4	255	0	255	0	255	0	6741	6741	0	255	0	255	0	255	0	255	0	0	0	0	0	0	0	0	0	0	0	0	0	0	0	0	0	0	0	0	0	0	0	6
49	11	614	0	0	2735	0	0	0	0	0	5	4	10	66	10000		3	33	0	4	0	0	1184645120	0	0	0	0	0	0	0	0	0	0	0	0	0	0	0	0	0	0	0	0	0	0	0	0	0	0	0	0	0	0	0	0	0	0	0	0	0	0	0	0	0	0	0	0	0	0	0	0	0	0	0	0	0	0	0	0	0	0	100	65	65	85	85	85	0	0	0	1030	1030	4	255	4	255	0	255	1	1	0	6159	6159	0	255	0	255	0	255	1	255	0	7182	7182	0	255	0	255	0	255	0	255	0	7181	7181	0	255	0	255	0	255	0	255	0	0	6143	4	255	4	255	0	255	0	255	0	6742	6742	0	255	0	255	0	255	0	255	0	0	0	0	0	0	0	0	0	0	0	0	0	0	0	0	0	0	0	0	0	0	0	6
50	11	614	0	0	2735	0	0	0	0	0	5	4	10	66	10000		3	33	0	4	0	0	1184645120	0	0	0	0	0	0	0	0	0	0	0	0	0	0	0	0	0	0	0	0	0	0	0	0	0	0	0	0	0	0	0	0	0	0	0	0	0	0	0	0	0	0	0	0	0	0	0	0	0	0	0	0	0	0	0	0	0	0	100	65	65	85	85	85	0	0	0	2054	2054	4	255	4	255	0	255	1	1	0	6159	6159	0	255	0	255	0	255	1	255	0	7182	7182	0	255	0	255	0	255	0	255	0	7181	7181	0	255	0	255	0	255	0	255	0	0	6143	4	255	4	255	0	255	0	255	0	6742	6742	0	255	0	255	0	255	0	255	0	0	0	0	0	0	0	0	0	0	0	0	0	0	0	0	0	0	0	0	0	0	0	6
51	11	614	0	0	2735	0	0	0	0	0	5	4	10	66	10000		3	33	0	4	0	0	1184645120	0	0	0	0	0	0	0	0	0	0	0	0	0	0	0	0	0	0	0	0	0	0	0	0	0	0	0	0	0	0	0	0	0	0	0	0	0	0	0	0	0	0	0	0	0	0	0	0	0	0	0	0	0	0	0	0	0	0	100	65	65	85	85	85	0	0	0	2567	2567	4	255	4	255	0	255	1	1	0	6159	6159	0	255	0	255	0	255	1	255	0	7182	7182	0	255	0	255	0	255	0	255	0	7181	7181	0	255	0	255	0	255	0	255	0	0	6143	4	255	4	255	0	255	0	255	0	6742	6742	0	255	0	255	0	255	0	255	0	0	0	0	0	0	0	0	0	0	0	0	0	0	0	0	0	0	0	0	0	0	0	6
52	24	1172	0	0	2736	0	0	0	0	0	3	3	10	65	5000000		13	7	0	5	0	34	0	4	0	0	1249125376	6	0	1	0	7	0	5	0	35	0	4	0	0	1193033728	6	0	0	0	0	0	0	0	0	0	0	0	0	0	0	0	0	0	0	0	0	0	0	0	0	0	0	0	0	0	0	0	0	0	0	0	0	0	0	0	90	65	65	85	85	85	0	0	0	6144	6146	0	255	0	255	0	255	1	1	0	6670	6670	1	1	0	255	0	255	1	1	0	6159	6159	0	255	0	255	0	255	1	1	0	0	6143	4	255	0	255	0	255	0	255	1	6743	6743	0	255	0	255	0	255	0	255	0	0	0	0	0	0	0	0	0	0	0	0	0	0	0	0	0	0	0	0	0	0	0	0	0	0	0	0	0	0	0	0	0	0	5
53	24	1172	0	0	2736	0	0	0	0	0	3	3	10	65	5000000		13	7	0	5	0	34	0	4	0	0	1249125376	6	0	1	0	7	0	5	0	35	0	4	0	0	1193033728	6	0	0	0	0	0	0	0	0	0	0	0	0	0	0	0	0	0	0	0	0	0	0	0	0	0	0	0	0	0	0	0	0	0	0	0	0	0	0	0	90	65	65	85	85	85	0	0	0	6185	6185	0	255	0	255	0	255	1	1	0	6670	6670	1	1	0	255	0	255	1	1	0	6159	6159	0	255	0	255	0	255	1	1	0	0	6143	4	255	0	255	0	255	0	255	1	6743	6743	0	255	0	255	0	255	0	255	0	0	0	0	0	0	0	0	0	0	0	0	0	0	0	0	0	0	0	0	0	0	0	0	0	0	0	0	0	0	0	0	0	0	5
54	24	1172	0	0	2781	0	0	0	0	0	3	3	10	65	5000000		13	7	0	5	0	34	0	4	0	0	1249125376	6	0	1	0	7	0	5	0	35	0	4	0	0	1193033728	6	0	0	0	0	0	0	0	0	0	0	0	0	0	0	0	0	0	0	0	0	0	0	0	0	0	0	0	0	0	0	0	0	0	0	0	0	0	0	0	90	65	65	85	85	85	0	0	0	6144	6146	0	255	0	255	0	255	1	1	0	6670	6670	1	1	0	255	0	255	1	1	0	6159	6159	0	255	0	255	0	255	1	1	0	0	6143	4	255	0	255	0	255	0	255	1	6818	6818	0	255	0	255	0	255	0	255	0	0	0	0	0	0	0	0	0	0	0	0	0	0	0	0	0	0	0	0	0	0	0	0	0	0	0	0	0	0	0	0	0	0	5
55	24	1172	0	0	2781	0	0	0	0	0	3	3	10	65	5000000		13	7	0	5	0	34	0	4	0	0	1249125376	6	0	1	0	7	0	5	0	35	0	4	0	0	1193033728	6	0	0	0	0	0	0	0	0	0	0	0	0	0	0	0	0	0	0	0	0	0	0	0	0	0	0	0	0	0	0	0	0	0	0	0	0	0	0	0	90	65	65	85	85	85	0	0	0	6185	6185	0	255	0	255	0	255	1	1	0	6670	6670	1	1	0	255	0	255	1	1	0	6159	6159	0	255	0	255	0	255	1	1	0	0	6143	4	255	0	255	0	255	0	255	1	6818	6818	0	255	0	255	0	255	0	255	0	0	0	0	0	0	0	0	0	0	0	0	0	0	0	0	0	0	0	0	0	0	0	0	0	0	0	0	0	0	0	0	0	0	5
56	7	614	0	0	610	611	0	0	0	0	5	4	10	65	5000000		13	7	0	5	0	34	0	4	0	0	1249125376	6	0	1	0	7	0	5	0	35	0	4	0	0	1193033728	6	0	0	0	0	0	0	0	0	0	0	0	0	0	0	0	0	0	0	0	0	0	0	0	0	0	0	0	0	0	0	0	0	0	0	0	0	0	0	0	90	65	65	85	85	85	0	0	0	6144	6146	0	255	0	255	0	255	1	1	0	6670	6670	0	0	0	255	0	255	1	1	0	6159	6159	0	255	0	255	0	255	1	1	0	0	6143	4	255	0	255	0	255	0	255	1	0	0	0	0	0	0	0	0	0	0	0	0	0	0	0	0	0	0	0	0	0	0	0	0	0	0	0	0	0	0	0	0	0	0	0	0	0	0	0	0	0	0	0	0	4
57	7	614	0	0	610	611	0	0	0	0	5	4	10	65	5000000		13	7	0	5	0	34	0	4	0	0	1249125376	6	0	1	0	7	0	5	0	35	0	4	0	0	1193033728	6	0	0	0	0	0	0	0	0	0	0	0	0	0	0	0	0	0	0	0	0	0	0	0	0	0	0	0	0	0	0	0	0	0	0	0	0	0	0	0	90	65	65	85	85	85	0	0	0	6185	6185	0	255	0	255	0	255	1	1	0	6670	6670	0	0	0	255	0	255	1	1	0	6159	6159	0	255	0	255	0	255	1	1	0	0	6143	4	255	0	255	0	255	0	255	1	0	0	0	0	0	0	0	0	0	0	0	0	0	0	0	0	0	0	0	0	0	0	0	0	0	0	0	0	0	0	0	0	0	0	0	0	0	0	0	0	0	0	0	0	4
58	7	614	0	0	2737	0	0	0	0	0	5	4	10	65	5000000		13	7	0	5	0	34	0	4	0	0	1249125376	6	0	1	0	7	0	5	0	35	0	4	0	0	1193033728	6	0	0	0	0	0	0	0	0	0	0	0	0	0	0	0	0	0	0	0	0	0	0	0	0	0	0	0	0	0	0	0	0	0	0	0	0	0	0	0	90	65	65	85	85	85	0	0	0	6144	6146	0	255	0	255	0	255	1	1	0	6670	6670	0	0	0	255	0	255	1	1	0	6159	6159	0	255	0	255	0	255	1	1	0	0	6143	4	255	0	255	0	255	0	255	1	6744	6744	0	255	0	255	0	255	0	255	0	0	0	0	0	0	0	0	0	0	0	0	0	0	0	0	0	0	0	0	0	0	0	0	0	0	0	0	0	0	0	0	0	0	5
59	7	614	0	0	610	611	0	0	0	0	5	4	10	65	5000000		13	7	0	5	0	34	0	4	0	0	1249125376	6	0	1	0	7	0	5	0	35	0	4	0	0	1193033728	6	0	0	0	0	0	0	0	0	0	0	0	0	0	0	0	0	0	0	0	0	0	0	0	0	0	0	0	0	0	0	0	0	0	0	0	0	0	0	0	90	65	65	85	85	85	0	0	0	6185	6185	0	255	0	255	0	255	1	1	0	6670	6670	0	0	0	255	0	255	1	1	0	6159	6159	0	255	0	255	0	255	1	1	0	0	6143	4	255	0	255	0	255	0	255	1	6744	6744	0	255	0	255	0	255	0	255	0	0	0	0	0	0	0	0	0	0	0	0	0	0	0	0	0	0	0	0	0	0	0	0	0	0	0	0	0	0	0	0	0	0	5
60	7	614	0	0	2738	0	0	0	0	0	5	4	10	65	5000000		13	7	0	5	0	34	0	4	0	0	1249125376	6	0	1	0	7	0	5	0	35	0	4	0	0	1193033728	6	0	0	0	0	0	0	0	0	0	0	0	0	0	0	0	0	0	0	0	0	0	0	0	0	0	0	0	0	0	0	0	0	0	0	0	0	0	0	0	90	65	65	85	85	85	0	0	0	6144	6146	0	255	0	255	0	255	1	1	0	6670	6670	0	0	0	255	0	255	1	1	0	6159	6159	0	255	0	255	0	255	1	1	0	0	6143	4	255	0	255	0	255	0	255	1	6745	6745	0	255	0	255	0	255	0	255	0	0	0	0	0	0	0	0	0	0	0	0	0	0	0	0	0	0	0	0	0	0	0	0	0	0	0	0	0	0	0	0	0	0	5
61	7	614	0	0	610	611	0	0	0	0	5	4	10	65	5000000		13	7	0	5	0	34	0	4	0	0	1249125376	6	0	1	0	7	0	5	0	35	0	4	0	0	1193033728	6	0	0	0	0	0	0	0	0	0	0	0	0	0	0	0	0	0	0	0	0	0	0	0	0	0	0	0	0	0	0	0	0	0	0	0	0	0	0	0	90	65	65	85	85	85	0	0	0	6185	6185	0	255	0	255	0	255	1	1	0	6670	6670	0	0	0	255	0	255	1	1	0	6159	6159	0	255	0	255	0	255	1	1	0	0	6143	4	255	0	255	0	255	0	255	1	6745	6745	0	255	0	255	0	255	0	255	0	0	0	0	0	0	0	0	0	0	0	0	0	0	0	0	0	0	0	0	0	0	0	0	0	0	0	0	0	0	0	0	0	0	5
62	7	614	0	0	2739	0	0	0	0	0	5	4	10	65	5000000		13	7	0	5	0	34	0	4	0	0	1249125376	6	0	1	0	7	0	5	0	35	0	4	0	0	1193033728	6	0	0	0	0	0	0	0	0	0	0	0	0	0	0	0	0	0	0	0	0	0	0	0	0	0	0	0	0	0	0	0	0	0	0	0	0	0	0	0	90	65	65	85	85	85	0	0	0	6144	6146	0	255	0	255	0	255	1	1	0	6670	6670	0	0	0	255	0	255	1	1	0	6159	6159	0	255	0	255	0	255	1	1	0	0	6143	4	255	0	255	0	255	0	255	1	6746	6746	0	255	0	255	0	255	0	255	0	0	0	0	0	0	0	0	0	0	0	0	0	0	0	0	0	0	0	0	0	0	0	0	0	0	0	0	0	0	0	0	0	0	5
63	7	614	0	0	610	611	0	0	0	0	5	4	10	65	5000000		13	7	0	5	0	34	0	4	0	0	1249125376	6	0	1	0	7	0	5	0	35	0	4	0	0	1193033728	6	0	0	0	0	0	0	0	0	0	0	0	0	0	0	0	0	0	0	0	0	0	0	0	0	0	0	0	0	0	0	0	0	0	0	0	0	0	0	0	90	65	65	85	85	85	0	0	0	6185	6185	0	255	0	255	0	255	1	1	0	6670	6670	0	0	0	255	0	255	1	1	0	6159	6159	0	255	0	255	0	255	1	1	0	0	6143	4	255	0	255	0	255	0	255	1	6746	6746	0	255	0	255	0	255	0	255	0	0	0	0	0	0	0	0	0	0	0	0	0	0	0	0	0	0	0	0	0	0	0	0	0	0	0	0	0	0	0	0	0	0	5
64	7	614	0	0	2740	0	0	0	0	0	5	4	10	65	5000000		13	7	0	5	0	34	0	4	0	0	1249125376	6	0	1	0	7	0	5	0	35	0	4	0	0	1193033728	6	0	0	0	0	0	0	0	0	0	0	0	0	0	0	0	0	0	0	0	0	0	0	0	0	0	0	0	0	0	0	0	0	0	0	0	0	0	0	0	90	65	65	85	85	85	0	0	0	6144	6146	0	255	0	255	0	255	1	1	0	6670	6670	0	0	0	255	0	255	1	1	0	6159	6159	0	255	0	255	0	255	1	1	0	0	6143	4	255	0	255	0	255	0	255	1	6747	6747	0	255	0	255	0	255	0	255	0	0	0	0	0	0	0	0	0	0	0	0	0	0	0	0	0	0	0	0	0	0	0	0	0	0	0	0	0	0	0	0	0	0	5
65	7	614	0	0	610	611	0	0	0	0	5	4	10	65	5000000		13	7	0	5	0	34	0	4	0	0	1249125376	6	0	1	0	7	0	5	0	35	0	4	0	0	1193033728	6	0	0	0	0	0	0	0	0	0	0	0	0	0	0	0	0	0	0	0	0	0	0	0	0	0	0	0	0	0	0	0	0	0	0	0	0	0	0	0	90	65	65	85	85	85	0	0	0	6185	6185	0	255	0	255	0	255	1	1	0	6670	6670	0	0	0	255	0	255	1	1	0	6159	6159	0	255	0	255	0	255	1	1	0	0	6143	4	255	0	255	0	255	0	255	1	6747	6747	0	255	0	255	0	255	0	255	0	0	0	0	0	0	0	0	0	0	0	0	0	0	0	0	0	0	0	0	0	0	0	0	0	0	0	0	0	0	0	0	0	0	5
66	7	614	0	0	2741	0	0	0	0	0	5	4	10	65	5000000		13	7	0	5	0	34	0	4	0	0	1249125376	6	0	1	0	7	0	5	0	35	0	4	0	0	1193033728	6	0	0	0	0	0	0	0	0	0	0	0	0	0	0	0	0	0	0	0	0	0	0	0	0	0	0	0	0	0	0	0	0	0	0	0	0	0	0	0	90	65	65	85	85	85	0	0	0	6144	6146	0	255	0	255	0	255	1	1	0	6670	6670	0	0	0	255	0	255	1	1	0	6159	6159	0	255	0	255	0	255	1	1	0	0	6143	4	255	0	255	0	255	0	255	1	6748	6748	0	255	0	255	0	255	0	255	0	0	0	0	0	0	0	0	0	0	0	0	0	0	0	0	0	0	0	0	0	0	0	0	0	0	0	0	0	0	0	0	0	0	5
67	7	614	0	0	610	611	0	0	0	0	5	4	10	65	5000000		13	7	0	5	0	34	0	4	0	0	1249125376	6	0	1	0	7	0	5	0	35	0	4	0	0	1193033728	6	0	0	0	0	0	0	0	0	0	0	0	0	0	0	0	0	0	0	0	0	0	0	0	0	0	0	0	0	0	0	0	0	0	0	0	0	0	0	0	90	65	65	85	85	85	0	0	0	6185	6185	0	255	0	255	0	255	1	1	0	6670	6670	0	0	0	255	0	255	1	1	0	6159	6159	0	255	0	255	0	255	1	1	0	0	6143	4	255	0	255	0	255	0	255	1	6748	6748	0	255	0	255	0	255	0	255	0	0	0	0	0	0	0	0	0	0	0	0	0	0	0	0	0	0	0	0	0	0	0	0	0	0	0	0	0	0	0	0	0	0	5
68	5	612	0	0	610	611	0	0	0	0	1	1	10	65	500000		1	32	0	0	0	0	0	0	0	0	0	0	0	0	0	0	0	0	0	0	0	0	0	0	0	0	0	0	0	0	0	0	0	0	0	0	0	0	0	0	0	0	0	0	0	0	0	0	0	0	0	0	0	0	0	0	0	0	0	0	0	0	0	0	0	70	65	85	85	85	85	0	0	0	6658	6658	0	255	0	255	255	255	10	10	0	6159	6159	0	255	0	255	0	255	1	1	0	0	0	0	0	0	0	0	0	0	0	0	0	0	0	0	0	0	0	0	0	0	0	0	0	0	0	0	0	0	0	0	0	0	0	0	0	0	0	0	0	0	0	0	0	0	0	0	0	0	0	0	0	0	0	0	0	0	0	0	0	0	0	0	0	0	0	2
69	8	615	0	0	610	611	0	600	0	0	2	2	15	65	50000		1	32	0	0	0	0	0	0	0	0	0	0	0	0	0	0	0	0	0	0	0	0	0	0	0	0	0	0	0	0	0	0	0	0	0	0	0	0	0	0	0	0	0	0	0	0	0	0	0	0	0	0	0	0	0	0	0	0	0	0	0	0	0	0	0	80	70	65	85	85	85	0	0	0	6672	6672	1	1	0	255	0	255	1	1	0	6673	6673	1	1	0	255	0	255	1	1	0	6159	6159	0	255	0	255	0	255	1	1	0	0	0	0	0	0	0	0	0	0	0	0	0	0	0	0	0	0	0	0	0	0	0	0	0	0	0	0	0	0	0	0	0	0	0	0	0	0	0	0	0	0	0	0	0	0	0	0	0	0	0	0	0	0	0	0	3
70	8	615	0	0	610	611	0	600	0	0	2	2	15	65	80000		1	32	0	0	0	0	0	0	0	0	0	0	0	0	0	0	0	0	0	0	0	0	0	0	0	0	0	0	0	0	0	0	0	0	0	0	0	0	0	0	0	0	0	0	0	0	0	0	0	0	0	0	0	0	0	0	0	0	0	0	0	0	0	0	0	80	70	65	85	85	85	0	0	0	6672	6672	2	2	0	255	0	255	1	1	0	6673	6673	2	2	0	255	0	255	1	1	0	6159	6159	0	255	0	255	0	255	1	1	0	0	0	0	0	0	0	0	0	0	0	0	0	0	0	0	0	0	0	0	0	0	0	0	0	0	0	0	0	0	0	0	0	0	0	0	0	0	0	0	0	0	0	0	0	0	0	0	0	0	0	0	0	0	0	0	3
71	8	615	0	0	610	611	0	600	0	0	2	2	15	65	150000		1	32	0	0	0	0	0	0	0	0	0	0	0	0	0	0	0	0	0	0	0	0	0	0	0	0	0	0	0	0	0	0	0	0	0	0	0	0	0	0	0	0	0	0	0	0	0	0	0	0	0	0	0	0	0	0	0	0	0	0	0	0	0	0	0	80	70	65	85	85	85	0	0	0	6672	6672	3	3	0	255	0	255	1	1	0	6673	6673	3	3	0	255	0	255	1	1	0	6159	6159	0	255	0	255	0	255	1	1	0	0	0	0	0	0	0	0	0	0	0	0	0	0	0	0	0	0	0	0	0	0	0	0	0	0	0	0	0	0	0	0	0	0	0	0	0	0	0	0	0	0	0	0	0	0	0	0	0	0	0	0	0	0	0	0	3
72	8	615	0	0	610	611	0	600	0	0	2	2	15	65	250000		1	32	0	0	0	0	0	0	0	0	0	0	0	0	0	0	0	0	0	0	0	0	0	0	0	0	0	0	0	0	0	0	0	0	0	0	0	0	0	0	0	0	0	0	0	0	0	0	0	0	0	0	0	0	0	0	0	0	0	0	0	0	0	0	0	80	70	65	85	85	85	0	0	0	6672	6672	4	4	0	255	0	255	1	1	0	6673	6673	4	4	0	255	0	255	1	1	0	6159	6159	0	255	0	255	0	255	1	1	0	0	0	0	0	0	0	0	0	0	0	0	0	0	0	0	0	0	0	0	0	0	0	0	0	0	0	0	0	0	0	0	0	0	0	0	0	0	0	0	0	0	0	0	0	0	0	0	0	0	0	0	0	0	0	0	3
73	8	615	0	0	610	611	0	600	0	0	2	2	15	65	400000		1	32	0	0	0	0	0	0	0	0	0	0	0	0	0	0	0	0	0	0	0	0	0	0	0	0	0	0	0	0	0	0	0	0	0	0	0	0	0	0	0	0	0	0	0	0	0	0	0	0	0	0	0	0	0	0	0	0	0	0	0	0	0	0	0	80	70	65	85	85	85	0	0	0	6672	6672	5	5	0	255	0	255	1	1	0	6673	6673	5	5	0	255	0	255	1	1	0	6159	6159	0	255	0	255	0	255	1	1	0	0	0	0	0	0	0	0	0	0	0	0	0	0	0	0	0	0	0	0	0	0	0	0	0	0	0	0	0	0	0	0	0	0	0	0	0	0	0	0	0	0	0	0	0	0	0	0	0	0	0	0	0	0	0	0	3
74	8	615	0	0	610	611	0	600	0	0	2	2	15	65	600000		1	32	0	0	0	0	0	0	0	0	0	0	0	0	0	0	0	0	0	0	0	0	0	0	0	0	0	0	0	0	0	0	0	0	0	0	0	0	0	0	0	0	0	0	0	0	0	0	0	0	0	0	0	0	0	0	0	0	0	0	0	0	0	0	0	80	70	65	85	85	85	0	0	0	6672	6672	6	6	0	255	0	255	1	1	0	6673	6673	6	6	0	255	0	255	1	1	0	6159	6159	0	255	0	255	0	255	1	1	0	0	0	0	0	0	0	0	0	0	0	0	0	0	0	0	0	0	0	0	0	0	0	0	0	0	0	0	0	0	0	0	0	0	0	0	0	0	0	0	0	0	0	0	0	0	0	0	0	0	0	0	0	0	0	0	3
75	8	615	0	0	610	611	0	600	0	0	2	2	15	65	850000		1	32	0	0	0	0	0	0	0	0	0	0	0	0	0	0	0	0	0	0	0	0	0	0	0	0	0	0	0	0	0	0	0	0	0	0	0	0	0	0	0	0	0	0	0	0	0	0	0	0	0	0	0	0	0	0	0	0	0	0	0	0	0	0	0	80	70	65	85	85	85	0	0	0	6672	6672	7	7	0	255	0	255	1	1	0	6673	6673	7	7	0	255	0	255	1	1	0	6159	6159	0	255	0	255	0	255	1	1	0	0	0	0	0	0	0	0	0	0	0	0	0	0	0	0	0	0	0	0	0	0	0	0	0	0	0	0	0	0	0	0	0	0	0	0	0	0	0	0	0	0	0	0	0	0	0	0	0	0	0	0	0	0	0	0	3
76	8	615	0	0	610	611	0	600	0	0	2	2	15	65	1050000		1	32	0	0	0	0	0	0	0	0	0	0	0	0	0	0	0	0	0	0	0	0	0	0	0	0	0	0	0	0	0	0	0	0	0	0	0	0	0	0	0	0	0	0	0	0	0	0	0	0	0	0	0	0	0	0	0	0	0	0	0	0	0	0	0	80	70	65	85	85	85	0	0	0	6672	6672	8	8	0	255	0	255	1	1	0	6673	6673	8	8	0	255	0	255	1	1	0	6159	6159	0	255	0	255	0	255	1	1	0	0	0	0	0	0	0	0	0	0	0	0	0	0	0	0	0	0	0	0	0	0	0	0	0	0	0	0	0	0	0	0	0	0	0	0	0	0	0	0	0	0	0	0	0	0	0	0	0	0	0	0	0	0	0	0	3
77	2	603	0	0	610	611	0	600	0	0	1	1	10	65	100000		1	32	0	0	0	0	0	0	0	0	0	0	0	0	0	0	0	0	0	0	0	0	0	0	0	0	0	0	0	0	0	0	0	0	0	0	0	0	0	0	0	0	0	0	0	0	0	0	0	0	0	0	0	0	0	0	0	0	0	0	0	0	0	0	0	60	70	65	85	85	85	0	0	0	7185	7185	0	0	0	255	0	255	1	1	0	7186	7186	0	0	0	255	0	255	1	1	0	6159	6159	0	255	0	255	0	255	1	1	0	0	0	0	0	0	0	0	0	0	0	0	0	0	0	0	0	0	0	0	0	0	0	0	0	0	0	0	0	0	0	0	0	0	0	0	0	0	0	0	0	0	0	0	0	0	0	0	0	0	0	0	0	0	0	0	3
78	2	603	0	0	610	611	0	600	0	0	1	1	10	65	100000		1	32	0	0	0	0	0	0	0	0	0	0	0	0	0	0	0	0	0	0	0	0	0	0	0	0	0	0	0	0	0	0	0	0	0	0	0	0	0	0	0	0	0	0	0	0	0	0	0	0	0	0	0	0	0	0	0	0	0	0	0	0	0	0	0	80	70	65	85	85	85	0	0	0	7185	7185	1	1	0	255	0	255	1	1	0	7186	7186	1	1	0	255	0	255	1	1	0	6159	6159	0	255	0	255	0	255	1	1	0	0	0	0	0	0	0	0	0	0	0	0	0	0	0	0	0	0	0	0	0	0	0	0	0	0	0	0	0	0	0	0	0	0	0	0	0	0	0	0	0	0	0	0	0	0	0	0	0	0	0	0	0	0	0	0	3
79	2	603	0	0	610	611	0	600	0	0	1	1	10	65	200000		1	32	0	0	0	0	0	0	0	0	0	0	0	0	0	0	0	0	0	0	0	0	0	0	0	0	0	0	0	0	0	0	0	0	0	0	0	0	0	0	0	0	0	0	0	0	0	0	0	0	0	0	0	0	0	0	0	0	0	0	0	0	0	0	0	80	70	65	85	85	85	0	0	0	7185	7185	2	2	0	255	0	255	1	1	0	7186	7186	2	2	0	255	0	255	1	1	0	6159	6159	0	255	0	255	0	255	1	1	0	0	0	0	0	0	0	0	0	0	0	0	0	0	0	0	0	0	0	0	0	0	0	0	0	0	0	0	0	0	0	0	0	0	0	0	0	0	0	0	0	0	0	0	0	0	0	0	0	0	0	0	0	0	0	0	3
80	2	603	0	0	610	611	0	600	0	0	1	1	10	65	400000		1	32	0	0	0	0	0	0	0	0	0	0	0	0	0	0	0	0	0	0	0	0	0	0	0	0	0	0	0	0	0	0	0	0	0	0	0	0	0	0	0	0	0	0	0	0	0	0	0	0	0	0	0	0	0	0	0	0	0	0	0	0	0	0	0	80	70	65	85	85	85	0	0	0	7185	7185	3	3	0	255	0	255	1	1	0	7186	7186	3	3	0	255	0	255	1	1	0	6159	6159	0	255	0	255	0	255	1	1	0	0	0	0	0	0	0	0	0	0	0	0	0	0	0	0	0	0	0	0	0	0	0	0	0	0	0	0	0	0	0	0	0	0	0	0	0	0	0	0	0	0	0	0	0	0	0	0	0	0	0	0	0	0	0	0	3
81	2	603	0	0	610	611	0	600	0	0	1	1	10	65	700000		1	32	0	0	0	0	0	0	0	0	0	0	0	0	0	0	0	0	0	0	0	0	0	0	0	0	0	0	0	0	0	0	0	0	0	0	0	0	0	0	0	0	0	0	0	0	0	0	0	0	0	0	0	0	0	0	0	0	0	0	0	0	0	0	0	80	70	65	85	85	85	0	0	0	7185	7185	4	4	0	255	0	255	1	1	0	7186	7186	4	4	0	255	0	255	1	1	0	6159	6159	0	255	0	255	0	255	1	1	0	0	0	0	0	0	0	0	0	0	0	0	0	0	0	0	0	0	0	0	0	0	0	0	0	0	0	0	0	0	0	0	0	0	0	0	0	0	0	0	0	0	0	0	0	0	0	0	0	0	0	0	0	0	0	0	3
82	2	603	0	0	610	611	0	600	0	0	1	1	10	65	1100000		1	32	0	0	0	0	0	0	0	0	0	0	0	0	0	0	0	0	0	0	0	0	0	0	0	0	0	0	0	0	0	0	0	0	0	0	0	0	0	0	0	0	0	0	0	0	0	0	0	0	0	0	0	0	0	0	0	0	0	0	0	0	0	0	0	70	70	65	85	85	85	0	0	0	7185	7185	5	5	0	255	0	255	1	1	0	7186	7186	5	5	0	255	0	255	1	1	0	6159	6159	0	255	0	255	0	255	1	1	0	0	0	0	0	0	0	0	0	0	0	0	0	0	0	0	0	0	0	0	0	0	0	0	0	0	0	0	0	0	0	0	0	0	0	0	0	0	0	0	0	0	0	0	0	0	0	0	0	0	0	0	0	0	0	0	3
83	2	603	0	0	610	611	0	600	0	0	1	1	10	65	1600000		1	32	0	0	0	0	0	0	0	0	0	0	0	0	0	0	0	0	0	0	0	0	0	0	0	0	0	0	0	0	0	0	0	0	0	0	0	0	0	0	0	0	0	0	0	0	0	0	0	0	0	0	0	0	0	0	0	0	0	0	0	0	0	0	0	70	70	65	85	85	85	0	0	0	7185	7185	6	6	0	255	0	255	1	1	0	7186	7186	6	6	0	255	0	255	1	1	0	6159	6159	0	255	0	255	0	255	1	1	0	0	0	0	0	0	0	0	0	0	0	0	0	0	0	0	0	0	0	0	0	0	0	0	0	0	0	0	0	0	0	0	0	0	0	0	0	0	0	0	0	0	0	0	0	0	0	0	0	0	0	0	0	0	0	0	3
84	2	603	0	0	610	611	0	600	0	0	1	1	10	65	2000000		1	32	0	0	0	0	0	0	0	0	0	0	0	0	0	0	0	0	0	0	0	0	0	0	0	0	0	0	0	0	0	0	0	0	0	0	0	0	0	0	0	0	0	0	0	0	0	0	0	0	0	0	0	0	0	0	0	0	0	0	0	0	0	0	0	70	70	65	85	85	85	0	0	0	7185	7185	7	7	0	255	0	255	1	1	0	7186	7186	7	7	0	255	0	255	1	1	0	6159	6159	0	255	0	255	0	255	1	1	0	0	0	0	0	0	0	0	0	0	0	0	0	0	0	0	0	0	0	0	0	0	0	0	0	0	0	0	0	0	0	0	0	0	0	0	0	0	0	0	0	0	0	0	0	0	0	0	0	0	0	0	0	0	0	0	3
85	24	1172	0	0	610	611	0	0	0	0	3	3	10	65	5000000		13	7	0	5	0	34	0	4	0	0	1249125376	6	0	1	0	7	0	5	0	35	0	4	0	0	1193033728	6	0	0	0	0	0	0	0	0	0	0	0	0	0	0	0	0	0	0	0	0	0	0	0	0	0	0	0	0	0	0	0	0	0	0	0	0	0	0	0	90	65	65	85	85	85	0	0	0	6144	6146	0	255	0	255	0	255	1	1	0	6670	6670	1	1	0	255	0	255	1	1	0	6159	6159	0	255	0	255	0	255	1	1	0	0	6143	4	255	0	255	0	255	0	255	1	0	0	0	0	0	0	0	0	0	0	0	0	0	0	0	0	0	0	0	0	0	0	0	0	0	0	0	0	0	0	0	0	0	0	0	0	0	0	0	0	0	0	0	0	4
86	24	1172	0	0	610	611	0	0	0	0	3	3	10	65	5000000		13	7	0	5	0	34	0	4	0	0	1249125376	6	0	1	0	7	0	5	0	35	0	4	0	0	1193033728	6	0	0	0	0	0	0	0	0	0	0	0	0	0	0	0	0	0	0	0	0	0	0	0	0	0	0	0	0	0	0	0	0	0	0	0	0	0	0	0	90	65	65	85	85	85	0	0	0	6185	6185	0	255	0	255	0	255	1	1	0	6670	6670	1	1	0	255	0	255	1	1	0	6159	6159	0	255	0	255	0	255	1	1	0	0	6143	4	255	0	255	0	255	0	255	1	0	0	0	0	0	0	0	0	0	0	0	0	0	0	0	0	0	0	0	0	0	0	0	0	0	0	0	0	0	0	0	0	0	0	0	0	0	0	0	0	0	0	0	0	4
87	25	1921	1412	0	610	611	0	0	0	0	1	1	10	65	0		1	32	0	0	0	0	0	0	0	0	0	0	0	0	0	0	0	0	0	0	0	0	0	0	0	0	0	0	0	0	0	0	0	0	0	0	0	0	0	0	0	0	0	0	0	0	0	0	0	0	0	0	0	0	0	0	0	0	0	0	0	0	0	0	0	70	65	65	85	85	85	0	0	0	6688	6688	0	255	0	255	20	20	1	1	0	6689	6689	0	255	0	255	20	20	1	1	0	6159	6159	0	255	0	255	0	255	1	1	0	0	0	0	0	0	0	0	0	0	0	0	0	0	0	0	0	0	0	0	0	0	0	0	0	0	0	0	0	0	0	0	0	0	0	0	0	0	0	0	0	0	0	0	0	0	0	0	0	0	0	0	0	0	0	0	3
88	26	1922	1412	0	610	611	0	0	0	0	2	2	10	65	0		1	32	0	0	0	0	0	0	0	0	0	0	0	0	0	0	0	0	0	0	0	0	0	0	0	0	0	0	0	0	0	0	0	0	0	0	0	0	0	0	0	0	0	0	0	0	0	0	0	0	0	0	0	0	0	0	0	0	0	0	0	0	0	0	0	50	65	65	85	85	85	0	0	0	6690	6690	0	255	0	255	10	10	1	1	0	6691	6691	0	255	0	255	0	255	5	5	0	6159	6159	0	255	0	255	0	255	1	1	0	0	0	0	0	0	0	0	0	0	0	0	0	0	0	0	0	0	0	0	0	0	0	0	0	0	0	0	0	0	0	0	0	0	0	0	0	0	0	0	0	0	0	0	0	0	0	0	0	0	0	0	0	0	0	0	3
89	27	1923	1412	0	610	611	0	0	0	0	2	2	10	65	10000000	1	32	0	0	0	0	0	0	0	0	0	0	0	0	0	0	0	0	0	0	0	0	0	0	0	0	0	0	0	0	0	0	0	0	0	0	0	0	0	0	0	0	0	0	0	0	0	0	0	0	0	0	0	0	0	0	0	0	0	0	0	0	0	0	0	30	65	65	85	85	85	0	0	0	6692	6692	0	255	0	255	0	255	1	1	0	7184	7184	0	255	0	255	0	255	3	3	0	6159	6159	0	255	0	255	0	255	1	1	0	0	0	0	0	0	0	0	0	0	0	0	0	0	0	0	0	0	0	0	0	0	0	0	0	0	0	0	0	0	0	0	0	0	0	0	0	0	0	0	0	0	0	0	0	0	0	0	0	0	0	0	0	0	0	0	3
90	28	1923	1863	1412	610	611	0	0	0	0	2	2	10	65	10000000	7	5	0	36	0	3	0	0	1120403456	6	0	4	0	0	1245125376	0	0	0	0	0	0	0	0	0	0	0	0	0	0	0	0	0	0	0	0	0	0	0	0	0	0	0	0	0	0	0	0	0	0	0	0	0	0	0	0	0	0	0	0	0	0	0	0	0	0	79	68	65	85	85	85	0	0	0	6693	6693	0	255	0	255	0	255	1	1	0	7184	7184	0	255	0	255	0	255	5	5	0	6159	6159	0	255	0	255	0	255	1	1	0	0	3071	4	255	4	255	0	255	1	255	0	0	0	0	0	0	0	0	0	0	0	0	0	0	0	0	0	0	0	0	0	0	0	0	0	0	0	0	0	0	0	0	0	0	0	0	0	0	0	0	0	0	0	0	0	4
91	28	1923	1864	1412	610	611	0	0	0	0	2	2	10	65	10000000	7	5	0	36	0	3	0	0	1120403456	6	0	4	0	0	1245125376	0	0	0	0	0	0	0	0	0	0	0	0	0	0	0	0	0	0	0	0	0	0	0	0	0	0	0	0	0	0	0	0	0	0	0	0	0	0	0	0	0	0	0	0	0	0	0	0	0	0	79	68	65	85	85	85	0	0	0	6693	6693	0	255	0	255	0	255	1	1	0	7184	7184	0	255	0	255	0	255	5	5	0	6159	6159	0	255	0	255	0	255	1	1	0	3072	6143	4	255	4	255	0	255	1	255	0	0	0	0	0	0	0	0	0	0	0	0	0	0	0	0	0	0	0	0	0	0	0	0	0	0	0	0	0	0	0	0	0	0	0	0	0	0	0	0	0	0	0	0	0	4
92	30	2038	1412	0	610	611	0	0	0	0	1	1	10	65	100000		1	32	0	0	0	0	0	0	0	0	0	0	0	0	0	0	0	0	0	0	0	0	0	0	0	0	0	0	0	0	0	0	0	0	0	0	0	0	0	0	0	0	0	0	0	0	0	0	0	0	0	0	0	0	0	0	0	0	0	0	0	0	0	0	0	50	65	65	85	85	85	0	0	0	7171	7171	0	255	0	255	0	255	3	3	0	0	0	0	0	0	0	0	0	0	0	0	0	0	0	0	0	0	0	0	0	0	0	0	0	0	0	0	0	0	0	0	0	0	0	0	0	0	0	0	0	0	0	0	0	0	0	0	0	0	0	0	0	0	0	0	0	0	0	0	0	0	0	0	0	0	0	0	0	0	0	0	0	0	0	0	0	0	1
93	31	2038	1412	0	610	611	0	0	0	0	1	1	10	65	500000		1	32	0	0	0	0	0	0	0	0	0	0	0	0	0	0	0	0	0	0	0	0	0	0	0	0	0	0	0	0	0	0	0	0	0	0	0	0	0	0	0	0	0	0	0	0	0	0	0	0	0	0	0	0	0	0	0	0	0	0	0	0	0	0	0	30	65	65	85	85	85	0	0	0	7206	7206	0	255	0	255	0	255	3	3	0	0	0	0	0	0	0	0	0	0	0	0	0	0	0	0	0	0	0	0	0	0	0	0	0	0	0	0	0	0	0	0	0	0	0	0	0	0	0	0	0	0	0	0	0	0	0	0	0	0	0	0	0	0	0	0	0	0	0	0	0	0	0	0	0	0	0	0	0	0	0	0	0	0	0	0	0	0	1
94	32	2038	1412	0	610	611	0	0	0	0	1	1	10	65	1000000		1	32	0	0	0	0	0	0	0	0	0	0	0	0	0	0	0	0	0	0	0	0	0	0	0	0	0	0	0	0	0	0	0	0	0	0	0	0	0	0	0	0	0	0	0	0	0	0	0	0	0	0	0	0	0	0	0	0	0	0	0	0	0	0	0	30	65	65	85	85	85	0	0	0	7207	7207	0	255	0	255	0	255	3	3	0	0	0	0	0	0	0	0	0	0	0	0	0	0	0	0	0	0	0	0	0	0	0	0	0	0	0	0	0	0	0	0	0	0	0	0	0	0	0	0	0	0	0	0	0	0	0	0	0	0	0	0	0	0	0	0	0	0	0	0	0	0	0	0	0	0	0	0	0	0	0	0	0	0	0	0	0	0	1
95	15	1413	1412	0	0	0	0	0	0	0	1	1	10	67	100000		1	32	0	0	0	0	0	0	0	0	0	0	0	0	0	0	0	0	0	0	0	0	0	0	0	0	0	0	0	0	0	0	0	0	0	0	0	0	0	0	0	0	0	0	0	0	0	0	0	0	0	0	0	0	0	0	0	0	0	0	0	0	0	0	0	100	65	85	85	85	85	0	0	0	7181	7181	0	255	0	255	0	255	1	25	0	0	0	0	0	0	0	0	0	0	0	0	0	0	0	0	0	0	0	0	0	0	0	0	0	0	0	0	0	0	0	0	0	0	0	0	0	0	0	0	0	0	0	0	0	0	0	0	0	0	0	0	0	0	0	0	0	0	0	0	0	0	0	0	0	0	0	0	0	0	0	0	0	0	0	0	0	0	1
96	16	1414	1412	0	0	0	0	0	0	0	1	1	10	67	50000		1	32	0	0	0	0	0	0	0	0	0	0	0	0	0	0	0	0	0	0	0	0	0	0	0	0	0	0	0	0	0	0	0	0	0	0	0	0	0	0	0	0	0	0	0	0	0	0	0	0	0	0	0	0	0	0	0	0	0	0	0	0	0	0	0	100	65	85	85	85	85	0	0	0	7182	7182	0	255	0	255	0	255	1	25	0	0	0	0	0	0	0	0	0	0	0	0	0	0	0	0	0	0	0	0	0	0	0	0	0	0	0	0	0	0	0	0	0	0	0	0	0	0	0	0	0	0	0	0	0	0	0	0	0	0	0	0	0	0	0	0	0	0	0	0	0	0	0	0	0	0	0	0	0	0	0	0	0	0	0	0	0	0	1
97	17	1415	1412	0	0	0	0	0	0	0	1	1	10	65	5000000		1	32	0	0	0	0	0	0	0	0	0	0	0	0	0	0	0	0	0	0	0	0	0	0	0	0	0	0	0	0	0	0	0	0	0	0	0	0	0	0	0	0	0	0	0	0	0	0	0	0	0	0	0	0	0	0	0	0	0	0	0	0	0	0	0	100	65	85	85	85	85	0	0	0	7181	7181	0	255	0	255	0	255	5	5	0	7182	7182	0	255	0	255	0	255	5	5	0	7199	7199	0	255	0	255	0	255	1	1	0	6159	6159	0	255	0	255	0	255	1	1	0	0	0	0	0	0	0	0	0	0	0	0	0	0	0	0	0	0	0	0	0	0	0	0	0	0	0	0	0	0	0	0	0	0	0	0	0	0	0	0	0	0	0	0	0	4
98	37	2396	1412	0	610	611	0	600	0	0	2	2	10	65	3000000		1	32	0	0	0	0	0	0	0	0	0	0	0	0	0	0	0	0	0	0	0	0	0	0	0	0	0	0	0	0	0	0	0	0	0	0	0	0	0	0	0	0	0	0	0	0	0	0	0	0	0	0	0	0	0	0	0	0	0	0	0	0	0	0	0	70	70	65	85	85	85	0	0	0	6705	6705	1	1	0	255	0	255	1	1	0	6706	6706	1	1	0	255	0	255	1	1	0	6159	6159	0	255	0	255	0	255	1	1	0	0	0	0	0	0	0	0	0	0	0	0	0	0	0	0	0	0	0	0	0	0	0	0	0	0	0	0	0	0	0	0	0	0	0	0	0	0	0	0	0	0	0	0	0	0	0	0	0	0	0	0	0	0	0	0	3
99	37	2396	1412	0	610	611	0	600	0	0	2	2	10	65	5000000		1	32	0	0	0	0	0	0	0	0	0	0	0	0	0	0	0	0	0	0	0	0	0	0	0	0	0	0	0	0	0	0	0	0	0	0	0	0	0	0	0	0	0	0	0	0	0	0	0	0	0	0	0	0	0	0	0	0	0	0	0	0	0	0	0	70	70	65	85	85	85	0	0	0	6705	6705	2	2	0	255	0	255	1	1	0	6706	6706	2	2	0	255	0	255	1	1	0	6159	6159	0	255	0	255	0	255	1	1	0	0	0	0	0	0	0	0	0	0	0	0	0	0	0	0	0	0	0	0	0	0	0	0	0	0	0	0	0	0	0	0	0	0	0	0	0	0	0	0	0	0	0	0	0	0	0	0	0	0	0	0	0	0	0	0	3
100	37	2396	1412	0	610	611	0	600	0	0	2	2	10	65	7000000		1	32	0	0	0	0	0	0	0	0	0	0	0	0	0	0	0	0	0	0	0	0	0	0	0	0	0	0	0	0	0	0	0	0	0	0	0	0	0	0	0	0	0	0	0	0	0	0	0	0	0	0	0	0	0	0	0	0	0	0	0	0	0	0	0	70	70	65	85	85	85	0	0	0	6705	6705	3	3	0	255	0	255	1	1	0	6706	6706	3	3	0	255	0	255	1	1	0	6159	6159	0	255	0	255	0	255	1	1	0	0	0	0	0	0	0	0	0	0	0	0	0	0	0	0	0	0	0	0	0	0	0	0	0	0	0	0	0	0	0	0	0	0	0	0	0	0	0	0	0	0	0	0	0	0	0	0	0	0	0	0	0	0	0	0	3
101	37	2396	1412	0	610	611	0	600	0	0	2	2	10	65	9000000		1	32	0	0	0	0	0	0	0	0	0	0	0	0	0	0	0	0	0	0	0	0	0	0	0	0	0	0	0	0	0	0	0	0	0	0	0	0	0	0	0	0	0	0	0	0	0	0	0	0	0	0	0	0	0	0	0	0	0	0	0	0	0	0	0	70	70	65	85	85	85	0	0	0	6705	6705	4	4	0	255	0	255	1	1	0	6706	6706	4	4	0	255	0	255	1	1	0	6159	6159	0	255	0	255	0	255	1	1	0	0	0	0	0	0	0	0	0	0	0	0	0	0	0	0	0	0	0	0	0	0	0	0	0	0	0	0	0	0	0	0	0	0	0	0	0	0	0	0	0	0	0	0	0	0	0	0	0	0	0	0	0	0	0	0	3
102	37	2396	1412	0	610	611	0	600	0	0	2	2	10	65	11000000	1	32	0	0	0	0	0	0	0	0	0	0	0	0	0	0	0	0	0	0	0	0	0	0	0	0	0	0	0	0	0	0	0	0	0	0	0	0	0	0	0	0	0	0	0	0	0	0	0	0	0	0	0	0	0	0	0	0	0	0	0	0	0	0	0	70	70	65	85	85	85	0	0	0	6705	6705	5	5	0	255	0	255	1	1	0	6706	6706	5	5	0	255	0	255	1	1	0	6159	6159	0	255	0	255	0	255	1	1	0	0	0	0	0	0	0	0	0	0	0	0	0	0	0	0	0	0	0	0	0	0	0	0	0	0	0	0	0	0	0	0	0	0	0	0	0	0	0	0	0	0	0	0	0	0	0	0	0	0	0	0	0	0	0	0	3
103	37	2396	1412	0	610	611	0	600	0	0	2	2	10	65	13000000	1	32	0	0	0	0	0	0	0	0	0	0	0	0	0	0	0	0	0	0	0	0	0	0	0	0	0	0	0	0	0	0	0	0	0	0	0	0	0	0	0	0	0	0	0	0	0	0	0	0	0	0	0	0	0	0	0	0	0	0	0	0	0	0	0	70	70	65	85	85	85	0	0	0	6705	6705	6	6	0	255	0	255	1	1	0	6706	6706	6	6	0	255	0	255	1	1	0	6159	6159	0	255	0	255	0	255	1	1	0	0	0	0	0	0	0	0	0	0	0	0	0	0	0	0	0	0	0	0	0	0	0	0	0	0	0	0	0	0	0	0	0	0	0	0	0	0	0	0	0	0	0	0	0	0	0	0	0	0	0	0	0	0	0	0	3
104	38	1666	1412	0	610	611	0	0	0	0	2	1	10	66	200000		5	37	0	4	0	0	1217559552	1	0	0	1065353216	0	0	0	0	0	0	0	0	0	0	0	0	0	0	0	0	0	0	0	0	0	0	0	0	0	0	0	0	0	0	0	0	0	0	0	0	0	0	0	0	0	0	0	0	0	0	0	0	0	0	0	0	0	0	60	65	65	85	85	85	0	0	0	6147	6150	9	255	4	255	0	255	1	1	0	6159	6159	0	255	0	255	0	255	1	1	0	6175	6175	0	0	0	255	0	255	1	1	0	7190	7190	0	255	0	255	0	255	1	1	0	0	6143	7	255	4	255	0	255	1	255	4	0	0	0	0	0	0	0	0	0	0	0	0	0	0	0	0	0	0	0	0	0	0	0	0	0	0	0	0	0	0	0	0	0	5
105	38	1666	1412	0	610	611	0	0	0	0	2	1	10	66	200000		5	37	0	4	0	0	1217559552	1	0	0	1065353216	0	0	0	0	0	0	0	0	0	0	0	0	0	0	0	0	0	0	0	0	0	0	0	0	0	0	0	0	0	0	0	0	0	0	0	0	0	0	0	0	0	0	0	0	0	0	0	0	0	0	0	0	0	0	60	65	65	85	85	85	0	0	0	6686	6686	9	255	4	255	0	255	1	1	0	6159	6159	0	255	0	255	0	255	1	1	0	6175	6175	0	0	0	255	0	255	1	1	0	7190	7190	0	255	0	255	0	255	1	1	0	0	6143	7	255	4	255	0	255	1	255	4	0	0	0	0	0	0	0	0	0	0	0	0	0	0	0	0	0	0	0	0	0	0	0	0	0	0	0	0	0	0	0	0	0	5
106	38	1666	1412	0	610	611	0	0	0	0	2	1	10	66	200000		5	37	0	4	0	0	1217559552	1	0	0	1065353216	0	0	0	0	0	0	0	0	0	0	0	0	0	0	0	0	0	0	0	0	0	0	0	0	0	0	0	0	0	0	0	0	0	0	0	0	0	0	0	0	0	0	0	0	0	0	0	0	0	0	0	0	0	0	60	65	65	85	85	85	0	0	0	6186	6186	9	255	4	255	0	255	1	1	0	6159	6159	0	255	0	255	0	255	1	1	0	6175	6175	0	0	0	255	0	255	1	1	0	7190	7190	0	255	0	255	0	255	1	1	0	0	6143	7	255	4	255	0	255	1	255	4	0	0	0	0	0	0	0	0	0	0	0	0	0	0	0	0	0	0	0	0	0	0	0	0	0	0	0	0	0	0	0	0	0	5
107	38	1666	1412	0	610	611	0	0	0	0	2	1	10	66	200000		5	37	0	4	0	0	1217559552	1	0	0	1065353216	0	0	0	0	0	0	0	0	0	0	0	0	0	0	0	0	0	0	0	0	0	0	0	0	0	0	0	0	0	0	0	0	0	0	0	0	0	0	0	0	0	0	0	0	0	0	0	0	0	0	0	0	0	0	60	65	65	85	85	85	0	0	0	6193	6193	9	255	4	255	0	255	1	1	0	6159	6159	0	255	0	255	0	255	1	1	0	6175	6175	0	0	0	255	0	255	1	1	0	7190	7190	0	255	0	255	0	255	1	1	0	0	6143	7	255	4	255	0	255	1	255	4	0	0	0	0	0	0	0	0	0	0	0	0	0	0	0	0	0	0	0	0	0	0	0	0	0	0	0	0	0	0	0	0	0	5
108	56	3755	1412	0	610	611	0	0	0	0	4	4	10	66	100000		6	7	0	5	0	34	0	4	0	0	1258902592	6	0	0	0	0	0	0	0	0	0	0	0	0	0	0	0	0	0	0	0	0	0	0	0	0	0	0	0	0	0	0	0	0	0	0	0	0	0	0	0	0	0	0	0	0	0	0	0	0	0	0	0	0	0	60	65	65	85	85	85	0	0	0	6147	6150	0	255	0	255	0	255	1	1	0	7344	7347	0	255	0	255	0	255	1	1	0	7190	7190	0	255	0	255	0	255	1	1	0	6159	6159	0	255	0	255	0	255	1	1	0	0	0	0	0	0	0	0	0	0	0	0	0	0	0	0	0	0	0	0	0	0	0	0	0	0	0	0	0	0	0	0	0	0	0	0	0	0	0	0	0	0	0	0	0	4
109	56	3755	1412	0	610	611	0	0	0	0	4	4	10	66	100000		6	7	0	5	0	34	0	4	0	0	1258902592	6	0	0	0	0	0	0	0	0	0	0	0	0	0	0	0	0	0	0	0	0	0	0	0	0	0	0	0	0	0	0	0	0	0	0	0	0	0	0	0	0	0	0	0	0	0	0	0	0	0	0	0	0	0	60	65	65	85	85	85	0	0	0	6186	6186	0	255	0	255	0	255	1	1	0	7344	7347	0	255	0	255	0	255	1	1	0	7190	7190	0	255	0	255	0	255	1	1	0	6159	6159	0	255	0	255	0	255	1	1	0	0	0	0	0	0	0	0	0	0	0	0	0	0	0	0	0	0	0	0	0	0	0	0	0	0	0	0	0	0	0	0	0	0	0	0	0	0	0	0	0	0	0	0	0	4
110	56	3755	1412	0	610	611	0	0	0	0	4	4	10	66	100000		6	7	0	5	0	34	0	4	0	0	1258902592	6	0	0	0	0	0	0	0	0	0	0	0	0	0	0	0	0	0	0	0	0	0	0	0	0	0	0	0	0	0	0	0	0	0	0	0	0	0	0	0	0	0	0	0	0	0	0	0	0	0	0	0	0	0	60	65	65	85	85	85	0	0	0	6193	6193	0	255	0	255	0	255	1	1	0	7344	7347	0	255	0	255	0	255	1	1	0	7190	7190	0	255	0	255	0	255	1	1	0	6159	6159	0	255	0	255	0	255	1	1	0	0	0	0	0	0	0	0	0	0	0	0	0	0	0	0	0	0	0	0	0	0	0	0	0	0	0	0	0	0	0	0	0	0	0	0	0	0	0	0	0	0	0	0	0	4
111	56	3755	1412	0	610	611	0	0	0	0	4	4	10	66	100000		6	7	0	5	0	34	0	4	0	0	1258902592	6	0	0	0	0	0	0	0	0	0	0	0	0	0	0	0	0	0	0	0	0	0	0	0	0	0	0	0	0	0	0	0	0	0	0	0	0	0	0	0	0	0	0	0	0	0	0	0	0	0	0	0	0	0	60	65	65	85	85	85	0	0	0	6686	6686	0	255	0	255	0	255	1	1	0	7344	7347	0	255	0	255	0	255	1	1	0	7190	7190	0	255	0	255	0	255	1	1	0	6159	6159	0	255	0	255	0	255	1	1	0	0	0	0	0	0	0	0	0	0	0	0	0	0	0	0	0	0	0	0	0	0	0	0	0	0	0	0	0	0	0	0	0	0	0	0	0	0	0	0	0	0	0	0	0	4
112	39	1667	1412	0	610	611	0	0	0	0	5	4	10	66	200000		5	35	0	4	0	0	1245125376	1	0	0	1065353216	0	0	0	0	0	0	0	0	0	0	0	0	0	0	0	0	0	0	0	0	0	0	0	0	0	0	0	0	0	0	0	0	0	0	0	0	0	0	0	0	0	0	0	0	0	0	0	0	0	0	0	0	0	0	40	65	65	85	85	85	0	0	0	6709	6709	0	255	0	255	0	255	1	1	0	6708	6708	0	255	0	255	0	255	1	1	0	6159	6159	0	255	0	255	0	255	1	1	0	6174	6174	0	0	0	255	0	255	1	1	0	6175	6175	0	0	0	255	0	255	1	1	0	7190	7190	0	255	0	255	0	255	1	1	0	0	6143	9	255	4	255	0	255	1	255	1	0	0	0	0	0	0	0	0	0	0	0	7
113	57	3758	0	0	610	611	0	0	0	0	2	4	10	65	1000000		3	33	0	4	0	0	1219479552	0	0	0	0	0	0	0	0	0	0	0	0	0	0	0	0	0	0	0	0	0	0	0	0	0	0	0	0	0	0	0	0	0	0	0	0	0	0	0	0	0	0	0	0	0	0	0	0	0	0	0	0	0	0	0	0	0	0	40	65	65	85	85	85	0	0	0	0	6143	7	255	4	255	0	255	3	3	16	7359	7359	0	255	0	255	0	255	1	1	0	7348	7348	0	255	0	255	0	255	2	2	0	7356	7356	0	255	0	255	0	255	1	1	0	0	0	0	0	0	0	0	0	0	0	0	0	0	0	0	0	0	0	0	0	0	0	0	0	0	0	0	0	0	0	0	0	0	0	0	0	0	0	0	0	0	0	0	0	4
114	57	3758	0	0	610	611	0	0	0	0	2	4	10	65	1000000		3	33	0	4	0	0	1219479552	0	0	0	0	0	0	0	0	0	0	0	0	0	0	0	0	0	0	0	0	0	0	0	0	0	0	0	0	0	0	0	0	0	0	0	0	0	0	0	0	0	0	0	0	0	0	0	0	0	0	0	0	0	0	0	0	0	0	40	65	65	85	85	85	0	0	0	0	6143	7	255	4	255	0	255	3	3	16	7360	7360	0	255	0	255	0	255	1	1	0	7349	7349	0	255	0	255	0	255	2	2	0	7353	7353	0	255	0	255	0	255	1	1	0	0	0	0	0	0	0	0	0	0	0	0	0	0	0	0	0	0	0	0	0	0	0	0	0	0	0	0	0	0	0	0	0	0	0	0	0	0	0	0	0	0	0	0	0	4
115	57	3758	0	0	610	611	0	0	0	0	2	4	10	65	1000000		3	33	0	4	0	0	1219479552	0	0	0	0	0	0	0	0	0	0	0	0	0	0	0	0	0	0	0	0	0	0	0	0	0	0	0	0	0	0	0	0	0	0	0	0	0	0	0	0	0	0	0	0	0	0	0	0	0	0	0	0	0	0	0	0	0	0	40	65	65	85	85	85	0	0	0	0	6143	7	255	4	255	0	255	3	3	16	7361	7361	0	255	0	255	0	255	1	1	0	7350	7350	0	255	0	255	0	255	2	2	0	7356	7356	0	255	0	255	0	255	1	1	0	0	0	0	0	0	0	0	0	0	0	0	0	0	0	0	0	0	0	0	0	0	0	0	0	0	0	0	0	0	0	0	0	0	0	0	0	0	0	0	0	0	0	0	0	4
116	57	3758	0	0	610	611	0	0	0	0	2	4	10	65	1000000		3	33	0	4	0	0	1219479552	0	0	0	0	0	0	0	0	0	0	0	0	0	0	0	0	0	0	0	0	0	0	0	0	0	0	0	0	0	0	0	0	0	0	0	0	0	0	0	0	0	0	0	0	0	0	0	0	0	0	0	0	0	0	0	0	0	0	40	65	65	85	85	85	0	0	0	0	6143	7	255	4	255	0	255	3	3	16	7362	7362	0	255	0	255	0	255	1	1	0	7351	7351	0	255	0	255	0	255	2	2	0	7353	7353	0	255	0	255	0	255	1	1	0	0	0	0	0	0	0	0	0	0	0	0	0	0	0	0	0	0	0	0	0	0	0	0	0	0	0	0	0	0	0	0	0	0	0	0	0	0	0	0	0	0	0	0	0	4
117	57	3758	0	0	610	611	0	0	0	0	2	4	10	65	1000000		3	33	0	4	0	0	1219479552	0	0	0	0	0	0	0	0	0	0	0	0	0	0	0	0	0	0	0	0	0	0	0	0	0	0	0	0	0	0	0	0	0	0	0	0	0	0	0	0	0	0	0	0	0	0	0	0	0	0	0	0	0	0	0	0	0	0	40	65	65	85	85	85	0	0	0	0	6143	7	255	4	255	0	255	3	3	16	7363	7363	0	255	0	255	0	255	1	1	0	7350	7350	0	255	0	255	0	255	2	2	0	7354	7354	0	255	0	255	0	255	1	1	0	0	0	0	0	0	0	0	0	0	0	0	0	0	0	0	0	0	0	0	0	0	0	0	0	0	0	0	0	0	0	0	0	0	0	0	0	0	0	0	0	0	0	0	0	4
118	57	3758	0	0	610	611	0	0	0	0	2	4	10	65	1000000		3	33	0	4	0	0	1219479552	0	0	0	0	0	0	0	0	0	0	0	0	0	0	0	0	0	0	0	0	0	0	0	0	0	0	0	0	0	0	0	0	0	0	0	0	0	0	0	0	0	0	0	0	0	0	0	0	0	0	0	0	0	0	0	0	0	0	40	65	65	85	85	85	0	0	0	0	6143	7	255	4	255	0	255	3	3	16	7364	7364	0	255	0	255	0	255	1	1	0	7348	7348	0	255	0	255	0	255	2	2	0	7353	7353	0	255	0	255	0	255	1	1	0	0	0	0	0	0	0	0	0	0	0	0	0	0	0	0	0	0	0	0	0	0	0	0	0	0	0	0	0	0	0	0	0	0	0	0	0	0	0	0	0	0	0	0	0	4
119	57	3758	0	0	610	611	0	0	0	0	2	4	10	65	1000000		3	33	0	4	0	0	1219479552	0	0	0	0	0	0	0	0	0	0	0	0	0	0	0	0	0	0	0	0	0	0	0	0	0	0	0	0	0	0	0	0	0	0	0	0	0	0	0	0	0	0	0	0	0	0	0	0	0	0	0	0	0	0	0	0	0	0	40	65	65	85	85	85	0	0	0	0	6143	7	255	4	255	0	255	3	3	16	7365	7365	0	255	0	255	0	255	1	1	0	7352	7352	0	255	0	255	0	255	2	2	0	7355	7355	0	255	0	255	0	255	1	1	0	0	0	0	0	0	0	0	0	0	0	0	0	0	0	0	0	0	0	0	0	0	0	0	0	0	0	0	0	0	0	0	0	0	0	0	0	0	0	0	0	0	0	0	0	4
120	57	3758	0	0	610	611	0	0	0	0	2	4	10	65	1000000		3	33	0	4	0	0	1219479552	0	0	0	0	0	0	0	0	0	0	0	0	0	0	0	0	0	0	0	0	0	0	0	0	0	0	0	0	0	0	0	0	0	0	0	0	0	0	0	0	0	0	0	0	0	0	0	0	0	0	0	0	0	0	0	0	0	0	40	65	65	85	85	85	0	0	0	0	6143	7	255	4	255	0	255	3	3	16	7366	7366	0	255	0	255	0	255	1	1	0	7350	7350	0	255	0	255	0	255	2	2	0	7353	7353	0	255	0	255	0	255	1	1	0	0	0	0	0	0	0	0	0	0	0	0	0	0	0	0	0	0	0	0	0	0	0	0	0	0	0	0	0	0	0	0	0	0	0	0	0	0	0	0	0	0	0	0	0	4
121	57	3758	0	0	610	611	0	0	0	0	2	4	10	65	1000000		3	33	0	4	0	0	1219479552	0	0	0	0	0	0	0	0	0	0	0	0	0	0	0	0	0	0	0	0	0	0	0	0	0	0	0	0	0	0	0	0	0	0	0	0	0	0	0	0	0	0	0	0	0	0	0	0	0	0	0	0	0	0	0	0	0	0	40	65	65	85	85	85	0	0	0	0	6143	7	255	4	255	0	255	3	3	16	7367	7367	0	255	0	255	0	255	1	1	0	7352	7352	0	255	0	255	0	255	2	2	0	7354	7354	0	255	0	255	0	255	1	1	0	0	0	0	0	0	0	0	0	0	0	0	0	0	0	0	0	0	0	0	0	0	0	0	0	0	0	0	0	0	0	0	0	0	0	0	0	0	0	0	0	0	0	0	0	4
122	57	3758	0	0	610	611	0	0	0	0	2	4	10	65	1000000		3	33	0	4	0	0	1219479552	0	0	0	0	0	0	0	0	0	0	0	0	0	0	0	0	0	0	0	0	0	0	0	0	0	0	0	0	0	0	0	0	0	0	0	0	0	0	0	0	0	0	0	0	0	0	0	0	0	0	0	0	0	0	0	0	0	0	40	65	65	85	85	85	0	0	0	0	6143	7	255	4	255	0	255	3	3	16	7368	7368	0	255	0	255	0	255	1	1	0	7352	7352	0	255	0	255	0	255	2	2	0	7356	7356	0	255	0	255	0	255	1	1	0	0	0	0	0	0	0	0	0	0	0	0	0	0	0	0	0	0	0	0	0	0	0	0	0	0	0	0	0	0	0	0	0	0	0	0	0	0	0	0	0	0	0	0	0	4
123	57	3758	0	0	610	611	0	0	0	0	2	4	10	65	1000000		3	33	0	4	0	0	1219479552	0	0	0	0	0	0	0	0	0	0	0	0	0	0	0	0	0	0	0	0	0	0	0	0	0	0	0	0	0	0	0	0	0	0	0	0	0	0	0	0	0	0	0	0	0	0	0	0	0	0	0	0	0	0	0	0	0	0	40	65	65	85	85	85	0	0	0	0	6143	7	255	4	255	0	255	3	3	16	7369	7369	0	255	0	255	0	255	1	1	0	7349	7349	0	255	0	255	0	255	2	2	0	7355	7355	0	255	0	255	0	255	1	1	0	0	0	0	0	0	0	0	0	0	0	0	0	0	0	0	0	0	0	0	0	0	0	0	0	0	0	0	0	0	0	0	0	0	0	0	0	0	0	0	0	0	0	0	0	4
124	57	3758	0	0	610	611	0	0	0	0	2	4	10	65	1000000		3	33	0	4	0	0	1219479552	0	0	0	0	0	0	0	0	0	0	0	0	0	0	0	0	0	0	0	0	0	0	0	0	0	0	0	0	0	0	0	0	0	0	0	0	0	0	0	0	0	0	0	0	0	0	0	0	0	0	0	0	0	0	0	0	0	0	40	65	65	85	85	85	0	0	0	0	6143	7	255	4	255	0	255	3	3	16	7370	7370	0	255	0	255	0	255	1	1	0	7352	7352	0	255	0	255	0	255	2	2	0	7353	7353	0	255	0	255	0	255	1	1	0	0	0	0	0	0	0	0	0	0	0	0	0	0	0	0	0	0	0	0	0	0	0	0	0	0	0	0	0	0	0	0	0	0	0	0	0	0	0	0	0	0	0	0	0	4
125	46	2791	0	0	0	0	0	0	0	0	1	1	10	65	1000000		1	32	0	0	0	0	0	0	0	0	0	0	0	0	0	0	0	0	0	0	0	0	0	0	0	0	0	0	0	0	0	0	0	0	0	0	0	0	0	0	0	0	0	0	0	0	0	0	0	0	0	0	0	0	0	0	0	0	0	0	0	0	0	0	0	100	65	85	85	85	85	0	0	0	7271	7271	0	255	0	255	0	255	1	1	0	7272	7272	0	255	0	255	0	255	1	1	0	7273	7273	0	255	0	255	0	255	1	1	0	7274	7274	0	255	0	255	0	255	1	1	0	7275	7275	0	255	0	255	0	255	1	1	0	7276	7276	0	255	0	255	0	255	1	1	0	0	0	0	0	0	0	0	0	0	0	0	0	0	0	0	0	0	0	0	0	0	0	6
126	47	2881	0	0	0	0	0	0	0	0	2	2	1	65	0		1	32	0	0	0	0	0	0	0	0	0	0	0	0	0	0	0	0	0	0	0	0	0	0	0	0	0	0	0	0	0	0	0	0	0	0	0	0	0	0	0	0	0	0	0	0	0	0	0	0	0	0	0	0	0	0	0	0	0	0	0	0	0	0	0	100	65	85	85	85	85	0	0	0	7281	7281	0	255	0	255	0	255	1	1	0	7289	7289	0	255	0	255	0	255	1	1	0	0	0	0	0	0	0	0	0	0	0	0	0	0	0	0	0	0	0	0	0	0	0	0	0	0	0	0	0	0	0	0	0	0	0	0	0	0	0	0	0	0	0	0	0	0	0	0	0	0	0	0	0	0	0	0	0	0	0	0	0	0	0	0	0	0	0	2
127	47	2882	0	0	0	0	0	0	0	0	2	2	1	65	0		1	32	0	0	0	0	0	0	0	0	0	0	0	0	0	0	0	0	0	0	0	0	0	0	0	0	0	0	0	0	0	0	0	0	0	0	0	0	0	0	0	0	0	0	0	0	0	0	0	0	0	0	0	0	0	0	0	0	0	0	0	0	0	0	0	100	65	85	85	85	85	0	0	0	7280	7280	0	255	0	255	0	255	1	1	0	7290	7290	0	255	0	255	0	255	1	1	0	0	0	0	0	0	0	0	0	0	0	0	0	0	0	0	0	0	0	0	0	0	0	0	0	0	0	0	0	0	0	0	0	0	0	0	0	0	0	0	0	0	0	0	0	0	0	0	0	0	0	0	0	0	0	0	0	0	0	0	0	0	0	0	0	0	0	2
128	48	4070	0	0	610	611	4070	0	0	0	1	1	10	65	100000		1	32	0	0	0	0	0	0	0	0	0	0	0	0	0	0	0	0	0	0	0	0	0	0	0	0	0	0	0	0	0	0	0	0	0	0	0	0	0	0	0	0	0	0	0	0	0	0	0	0	0	0	0	0	0	0	0	0	0	0	0	0	0	0	0	50	65	85	85	85	85	0	0	0	7378	7378	0	255	0	255	0	255	2	2	0	0	0	0	0	0	0	0	0	0	0	0	0	0	0	0	0	0	0	0	0	0	0	0	0	0	0	0	0	0	0	0	0	0	0	0	0	0	0	0	0	0	0	0	0	0	0	0	0	0	0	0	0	0	0	0	0	0	0	0	0	0	0	0	0	0	0	0	0	0	0	0	0	0	0	0	0	0	1
129	48	4070	0	0	610	611	4070	0	0	0	1	1	10	65	200000		1	32	0	0	0	0	0	0	0	0	0	0	0	0	0	0	0	0	0	0	0	0	0	0	0	0	0	0	0	0	0	0	0	0	0	0	0	0	0	0	0	0	0	0	0	0	0	0	0	0	0	0	0	0	0	0	0	0	0	0	0	0	0	0	0	50	65	85	85	85	85	0	0	0	7379	7379	0	255	0	255	0	255	1	1	0	7378	7378	0	255	0	255	0	255	1	1	0	0	0	0	0	0	0	0	0	0	0	0	0	0	0	0	0	0	0	0	0	0	0	0	0	0	0	0	0	0	0	0	0	0	0	0	0	0	0	0	0	0	0	0	0	0	0	0	0	0	0	0	0	0	0	0	0	0	0	0	0	0	0	0	0	0	0	2
130	48	4070	0	0	610	611	4070	0	0	0	1	1	10	65	300000		1	32	0	0	0	0	0	0	0	0	0	0	0	0	0	0	0	0	0	0	0	0	0	0	0	0	0	0	0	0	0	0	0	0	0	0	0	0	0	0	0	0	0	0	0	0	0	0	0	0	0	0	0	0	0	0	0	0	0	0	0	0	0	0	0	40	65	85	85	85	85	0	0	0	7380	7380	0	255	0	255	0	255	1	1	0	7378	7378	0	255	0	255	0	255	1	1	0	0	0	0	0	0	0	0	0	0	0	0	0	0	0	0	0	0	0	0	0	0	0	0	0	0	0	0	0	0	0	0	0	0	0	0	0	0	0	0	0	0	0	0	0	0	0	0	0	0	0	0	0	0	0	0	0	0	0	0	0	0	0	0	0	0	0	2
131	58	3958	1412	0	610	611	0	0	0	0	1	1	10	65	100000		3	33	0	4	0	0	1159479296	0	0	0	0	0	0	0	0	0	0	0	0	0	0	0	0	0	0	0	0	0	0	0	0	0	0	0	0	0	0	0	0	0	0	0	0	0	0	0	0	0	0	0	0	0	0	0	0	0	0	0	0	0	0	0	0	0	0	90	65	85	85	85	85	0	0	0	7374	7374	0	255	0	255	0	255	5	5	0	7181	7181	0	255	0	255	0	255	1	2	0	0	0	0	0	0	0	0	0	0	0	0	0	0	0	0	0	0	0	0	0	0	0	0	0	0	0	0	0	0	0	0	0	0	0	0	0	0	0	0	0	0	0	0	0	0	0	0	0	0	0	0	0	0	0	0	0	0	0	0	0	0	0	0	0	0	0	2
132	58	3958	1412	0	610	611	0	0	0	0	1	1	10	65	1000000		3	33	0	4	0	0	1159479296	0	0	0	0	0	0	0	0	0	0	0	0	0	0	0	0	0	0	0	0	0	0	0	0	0	0	0	0	0	0	0	0	0	0	0	0	0	0	0	0	0	0	0	0	0	0	0	0	0	0	0	0	0	0	0	0	0	0	80	65	85	85	85	85	0	0	0	7375	7375	0	255	0	255	0	255	5	5	0	7181	7181	0	255	0	255	0	255	1	2	0	0	0	0	0	0	0	0	0	0	0	0	0	0	0	0	0	0	0	0	0	0	0	0	0	0	0	0	0	0	0	0	0	0	0	0	0	0	0	0	0	0	0	0	0	0	0	0	0	0	0	0	0	0	0	0	0	0	0	0	0	0	0	0	0	0	0	2
133	12	603	0	0	610	611	0	600	0	0	1	1	10	65	2000000		1	32	0	0	0	0	0	0	0	0	0	0	0	0	0	0	0	0	0	0	0	0	0	0	0	0	0	0	0	0	0	0	0	0	0	0	0	0	0	0	0	0	1966592	16781312	0	0	0	0	0	0	0	0	0	0	0	0	0	0	0	0	0	0	0	0	0	70	70	65	85	0	0	0	0	0	6720	6720	0	255	0	255	0	255	2	2	0	6721	6721	0	255	0	255	0	255	2	2	0	0	0	0	0	0	0	0	0	0	0	0	0	0	0	0	0	0	0	0	0	0	0	0	0	0	0	0	0	0	0	0	0	0	0	0	0	0	0	0	0	0	0	0	0	0	0	0	0	0	0	0	0	0	0	0	0	0	0	0	0	0	0	0	0	0	0	2
end
1
0	1	736	0	0	588	589	590	588	589	590	5	4	10	66	10000		3	33	0	4	0	0	1184645120	0	0	0	0	0	0	0	0	0	0	0	0	0	0	0	0	0	0	0	0	0	0	0	0	0	0	0	0	0	0	0	0	0	0	0	0	0	0	0	0	0	0	0	0	0	0	0	0	0	0	0	0	0	0	0	0	0	0	100	66	85	85	85	85	0	0	0	0	6143	4	255	4	255	0	255	1	255	0	6159	6159	0	255	0	255	0	255	1	255	0	7182	7182	0	255	0	255	0	255	0	255	0	7181	7181	0	255	0	255	0	255	0	255	0	0	0	0	0	0	0	0	0	0	0	0	0	0	0	0	0	0	0	0	0	0	0	0	0	0	0	0	0	0	0	0	0	0	0	0	0	0	0	0	0	0	0	0	0	4
end
2
0	36	2194	1412	0	0	0	0	0	0	0	-1	-1	10	65	10000000	14	0	1112014848	1	0	7	0	5	0	5	0	38	0	2	0	0	1082130432	6	0	4	0	0	1077936128	6	0	3	0	0	1092616192	0	0	0	0	0	0	0	0	0	0	0	0	0	0	0	0	0	0	0	0	0	0	0	0	0	0	0	0	0	0	0	0	0	0	0	0	70	67	85	85	85	85	0	0	0	0	6143	4	255	4	255	0	255	1	1	2	7199	7199	0	255	0	255	0	255	1	1	0	7210	7210	0	255	0	255	0	255	1	1	0	0	0	0	0	0	0	0	0	0	0	0	0	0	0	0	0	0	0	0	0	0	0	0	0	0	0	0	0	0	0	0	0	0	0	0	0	0	0	0	0	0	0	0	0	0	0	0	0	0	0	0	0	0	0	0	3
end
3
0	18	1640	0	0	0	0	0	0	0	0	4	5	10	65	1000000000	1	32	0	0	0	0	0	0	0	0	0	0	0	0	0	0	0	0	0	0	0	0	0	0	0	0	0	0	0	0	0	0	0	0	0	0	0	0	0	0	0	0	0	0	0	0	0	0	0	0	0	0	0	0	0	0	0	0	0	0	0	0	0	0	0	100	65	85	85	85	85	0	0	0	7199	7199	0	255	0	255	0	255	30	30	0	6174	6174	2	2	0	255	0	255	1	1	0	6175	6175	2	2	0	255	0	255	1	1	0	0	0	0	0	0	0	0	0	0	0	0	0	0	0	0	0	0	0	0	0	0	0	0	0	0	0	0	0	0	0	0	0	0	0	0	0	0	0	0	0	0	0	0	0	0	0	0	0	0	0	0	0	0	0	0	3
end
4
0	14	1214	1212	0	0	0	0	0	0	0	1	1	1	65	1000000		1	32	0	0	0	0	0	0	0	0	0	0	0	0	0	0	0	0	0	0	0	0	0	0	0	0	0	0	0	0	0	0	0	0	0	0	0	0	0	0	0	0	0	0	0	0	0	0	0	0	0	0	0	0	0	0	0	0	0	0	0	0	0	0	0	60	65	65	85	85	85	0	0	0	6687	6687	1	1	0	255	0	255	1	1	0	7181	7181	0	255	0	255	0	255	2	2	0	7182	7182	0	255	0	255	0	255	2	2	0	7190	7190	0	255	0	255	0	255	1	1	0	6159	6159	0	255	0	255	0	255	1	1	0	0	0	0	0	0	0	0	0	0	0	0	0	0	0	0	0	0	0	0	0	0	0	0	0	0	0	0	0	0	0	0	0	0	5
1	13	1187	1212	0	0	0	0	0	0	0	1	1	1	65	5000000		1	32	0	0	0	0	0	0	0	0	0	0	0	0	0	0	0	0	0	0	0	0	0	0	0	0	0	0	0	0	0	0	0	0	0	0	0	0	0	0	0	0	0	0	0	0	0	0	0	0	0	0	0	0	0	0	0	0	0	0	0	0	0	0	0	60	65	65	85	85	85	0	0	0	6687	6687	0	0	0	255	0	255	1	1	0	7181	7181	0	255	0	255	0	255	5	5	0	7182	7182	0	255	0	255	0	255	5	5	0	7190	7190	0	255	0	255	0	255	1	1	0	6159	6159	0	255	0	255	0	255	1	1	0	0	0	0	0	0	0	0	0	0	0	0	0	0	0	0	0	0	0	0	0	0	0	0	0	0	0	0	0	0	0	0	0	0	5
end
5
0	34	2061	0	0	0	0	0	2222	0	0	1	1	1	65	0		1	32	0	0	0	0	0	0	0	0	0	0	0	0	0	0	0	0	0	0	0	0	0	0	0	0	0	0	0	0	0	0	0	0	0	0	0	0	0	0	0	0	0	0	0	0	0	0	0	0	0	0	0	0	0	0	0	0	0	0	0	0	0	0	0	50	71	85	85	85	85	0	0	0	0	6143	0	255	0	255	0	255	1	1	1	0	0	0	0	0	0	0	0	0	0	0	0	0	0	0	0	0	0	0	0	0	0	0	0	0	0	0	0	0	0	0	0	0	0	0	0	0	0	0	0	0	0	0	0	0	0	0	0	0	0	0	0	0	0	0	0	0	0	0	0	0	0	0	0	0	0	0	0	0	0	0	0	0	0	0	0	0	1
1	34	2061	0	0	0	0	0	2222	0	0	1	1	1	65	0		1	32	0	0	0	0	0	0	0	0	0	0	0	0	0	0	0	0	0	0	0	0	0	0	0	0	0	0	0	0	0	0	0	0	0	0	0	0	0	0	0	0	0	0	0	0	0	0	0	0	0	0	0	0	0	0	0	0	0	0	0	0	0	0	0	20	71	85	85	85	85	0	0	0	0	6143	0	255	0	255	0	255	1	1	0	0	0	0	0	0	0	0	0	0	0	0	0	0	0	0	0	0	0	0	0	0	0	0	0	0	0	0	0	0	0	0	0	0	0	0	0	0	0	0	0	0	0	0	0	0	0	0	0	0	0	0	0	0	0	0	0	0	0	0	0	0	0	0	0	0	0	0	0	0	0	0	0	0	0	0	0	0	1
end
6
0	35	1550	2336	2062	0	0	0	0	0	0	-1	-1	1	68	0		1	32	0	0	0	0	0	0	0	0	0	0	0	0	0	0	0	0	0	0	0	0	0	0	0	0	0	0	0	0	0	0	0	0	0	0	0	0	0	0	0	0	0	0	0	0	0	0	0	0	0	0	0	0	0	0	0	0	0	0	0	0	0	0	0	100	65	85	85	85	85	0	0	0	0	6143	0	255	0	255	0	255	1	1	8	0	0	0	0	0	0	0	0	0	0	0	0	0	0	0	0	0	0	0	0	0	0	0	0	0	0	0	0	0	0	0	0	0	0	0	0	0	0	0	0	0	0	0	0	0	0	0	0	0	0	0	0	0	0	0	0	0	0	0	0	0	0	0	0	0	0	0	0	0	0	0	0	0	0	0	0	0	1
end
7
0	33	2203	0	0	0	0	0	0	0	0	1	1	1	65	0		1	32	0	0	0	0	0	0	0	0	0	0	0	0	0	0	0	0	0	0	0	0	0	0	0	0	0	0	0	0	0	0	0	0	0	0	0	0	0	0	0	0	0	0	0	0	0	0	0	0	0	0	0	0	0	0	0	0	0	0	0	0	0	0	0	80	65	85	85	85	85	0	0	0	7209	7209	0	255	0	255	0	255	1	1	0	0	0	0	0	0	0	0	0	0	0	0	0	0	0	0	0	0	0	0	0	0	0	0	0	0	0	0	0	0	0	0	0	0	0	0	0	0	0	0	0	0	0	0	0	0	0	0	0	0	0	0	0	0	0	0	0	0	0	0	0	0	0	0	0	0	0	0	0	0	0	0	0	0	0	0	0	0	1
end
8
0	40	2265	0	0	2261	2263	2267	0	0	0	2	4	1	65	0		1	32	0	0	0	0	0	0	0	0	0	0	0	0	0	0	0	0	0	0	0	0	0	0	0	0	0	0	0	0	0	0	0	0	0	0	0	0	0	0	0	0	0	0	0	0	0	0	0	0	0	0	0	0	0	0	0	0	0	0	0	0	0	0	0	100	65	85	85	85	85	0	0	0	7263	7263	0	255	0	255	0	255	1	1	0	0	0	0	0	0	0	0	0	0	0	0	0	0	0	0	0	0	0	0	0	0	0	0	0	0	0	0	0	0	0	0	0	0	0	0	0	0	0	0	0	0	0	0	0	0	0	0	0	0	0	0	0	0	0	0	0	0	0	0	0	0	0	0	0	0	0	0	0	0	0	0	0	0	0	0	0	0	1
1	40	2265	0	0	2261	2263	2267	0	0	0	2	4	1	65	0		1	32	0	0	0	0	0	0	0	0	0	0	0	0	0	0	0	0	0	0	0	0	0	0	0	0	0	0	0	0	0	0	0	0	0	0	0	0	0	0	0	0	0	0	0	0	0	0	0	0	0	0	0	0	0	0	0	0	0	0	0	0	0	0	0	100	65	85	85	85	85	0	0	0	7222	7222	0	255	0	255	0	255	1	1	0	0	0	0	0	0	0	0	0	0	0	0	0	0	0	0	0	0	0	0	0	0	0	0	0	0	0	0	0	0	0	0	0	0	0	0	0	0	0	0	0	0	0	0	0	0	0	0	0	0	0	0	0	0	0	0	0	0	0	0	0	0	0	0	0	0	0	0	0	0	0	0	0	0	0	0	0	0	1
2	40	2265	0	0	2261	2263	2267	0	0	0	2	4	1	65	0		1	32	0	0	0	0	0	0	0	0	0	0	0	0	0	0	0	0	0	0	0	0	0	0	0	0	0	0	0	0	0	0	0	0	0	0	0	0	0	0	0	0	0	0	0	0	0	0	0	0	0	0	0	0	0	0	0	0	0	0	0	0	0	0	0	100	65	85	85	85	85	0	0	0	7260	7260	0	255	0	255	0	255	1	1	0	0	0	0	0	0	0	0	0	0	0	0	0	0	0	0	0	0	0	0	0	0	0	0	0	0	0	0	0	0	0	0	0	0	0	0	0	0	0	0	0	0	0	0	0	0	0	0	0	0	0	0	0	0	0	0	0	0	0	0	0	0	0	0	0	0	0	0	0	0	0	0	0	0	0	0	0	0	1
3	40	2265	0	0	2261	2263	2267	0	0	0	2	4	1	65	0		1	32	0	0	0	0	0	0	0	0	0	0	0	0	0	0	0	0	0	0	0	0	0	0	0	0	0	0	0	0	0	0	0	0	0	0	0	0	0	0	0	0	0	0	0	0	0	0	0	0	0	0	0	0	0	0	0	0	0	0	0	0	0	0	0	100	65	85	85	85	85	0	0	0	7261	7261	0	255	0	255	0	255	1	1	0	0	0	0	0	0	0	0	0	0	0	0	0	0	0	0	0	0	0	0	0	0	0	0	0	0	0	0	0	0	0	0	0	0	0	0	0	0	0	0	0	0	0	0	0	0	0	0	0	0	0	0	0	0	0	0	0	0	0	0	0	0	0	0	0	0	0	0	0	0	0	0	0	0	0	0	0	0	1
end
9
0	41	2560	0	0	0	0	0	0	0	0	2	4	1	65	0		1	32	0	0	0	0	0	0	0	0	0	0	0	0	0	0	0	0	0	0	0	0	0	0	0	0	0	0	0	0	0	0	0	0	0	0	0	0	0	0	0	0	0	0	0	0	0	0	0	0	0	0	0	0	0	0	0	0	0	0	0	0	0	0	0	100	65	85	85	85	85	0	0	0	7258	7258	0	255	0	255	0	255	255	255	0	0	0	0	0	0	0	0	0	0	0	0	0	0	0	0	0	0	0	0	0	0	0	0	0	0	0	0	0	0	0	0	0	0	0	0	0	0	0	0	0	0	0	0	0	0	0	0	0	0	0	0	0	0	0	0	0	0	0	0	0	0	0	0	0	0	0	0	0	0	0	0	0	0	0	0	0	0	1
end
10
0	42	2664	0	0	0	0	0	0	0	0	1	1	10	65	1000000		9	0	1117782016	1	0	5	0	35	0	1	0	37	0	6	0	4	0	0	1212370944	0	0	0	0	0	0	0	0	0	0	0	0	0	0	0	0	0	0	0	0	0	0	0	0	0	0	0	0	0	0	0	0	0	0	0	0	0	0	0	0	0	0	0	0	0	0	90	65	85	85	85	85	0	0	0	0	6143	4	255	0	255	0	255	1	1	1	0	6143	4	255	0	255	0	255	1	1	4	7210	7210	0	255	0	255	0	255	1	1	0	6159	6159	0	255	0	255	0	255	1	1	0	7190	7190	0	255	0	255	0	255	1	1	0	0	0	0	0	0	0	0	0	0	0	0	0	0	0	0	0	0	0	0	0	0	0	0	0	0	0	0	0	0	0	0	0	0	5
end
11
0	43	2665	0	0	0	0	0	0	0	0	1	1	10	65	1000000		5	0	1117782016	1	0	39	0	4	0	0	1212370944	0	0	0	0	0	0	0	0	0	0	0	0	0	0	0	0	0	0	0	0	0	0	0	0	0	0	0	0	0	0	0	0	0	0	0	0	0	0	0	0	0	0	0	0	0	0	0	0	0	0	0	0	0	0	90	65	85	85	85	85	0	0	0	6204	6209	0	255	0	255	0	255	1	1	0	6214	6218	0	255	0	255	0	255	1	1	0	6159	6159	0	255	0	255	0	255	1	1	0	7190	7190	0	255	0	255	0	255	1	1	0	0	0	0	0	0	0	0	0	0	0	0	0	0	0	0	0	0	0	0	0	0	0	0	0	0	0	0	0	0	0	0	0	0	0	0	0	0	0	0	0	0	0	0	0	4
end
12
0	44	2669	0	0	0	0	0	0	0	0	-1	-1	10	65	1000000		1	32	0	0	0	0	0	0	0	0	0	0	0	0	0	0	0	0	0	0	0	0	0	0	0	0	0	0	0	0	0	0	0	0	0	0	0	0	0	0	0	0	0	0	0	0	0	0	0	0	0	0	0	0	0	0	0	0	0	0	0	0	0	0	0	100	72	85	85	85	85	0	0	0	0	3071	0	255	0	255	0	255	1	1	16	6244	6272	0	255	0	255	0	255	1	1	0	6159	6159	0	255	0	255	0	255	1	1	0	7190	7190	0	255	0	255	0	255	1	1	0	0	0	0	0	0	0	0	0	0	0	0	0	0	0	0	0	0	0	0	0	0	0	0	0	0	0	0	0	0	0	0	0	0	0	0	0	0	0	0	0	0	0	0	0	4
1	44	2669	0	0	0	0	0	0	0	0	-1	-1	10	65	1000000		1	32	0	0	0	0	0	0	0	0	0	0	0	0	0	0	0	0	0	0	0	0	0	0	0	0	0	0	0	0	0	0	0	0	0	0	0	0	0	0	0	0	0	0	0	0	0	0	0	0	0	0	0	0	0	0	0	0	0	0	0	0	0	0	0	100	73	85	85	85	85	0	0	0	3072	6143	0	255	0	255	0	255	1	1	16	6245	6273	0	255	0	255	0	255	1	1	0	6159	6159	0	255	0	255	0	255	1	1	0	7190	7190	0	255	0	255	0	255	1	1	0	0	0	0	0	0	0	0	0	0	0	0	0	0	0	0	0	0	0	0	0	0	0	0	0	0	0	0	0	0	0	0	0	0	0	0	0	0	0	0	0	0	0	0	0	4
end
13
0	45	2670	0	0	0	0	0	0	0	0	-1	-1	10	65	1000000		1	32	0	0	0	0	0	0	0	0	0	0	0	0	0	0	0	0	0	0	0	0	0	0	0	0	0	0	0	0	0	0	0	0	0	0	0	0	0	0	0	0	0	0	0	0	0	0	0	0	0	0	0	0	0	0	0	0	0	0	0	0	0	0	0	100	65	85	85	85	85	0	0	0	0	6143	0	255	0	255	0	255	1	1	16	0	0	0	0	0	0	0	0	0	0	0	0	0	0	0	0	0	0	0	0	0	0	0	0	0	0	0	0	0	0	0	0	0	0	0	0	0	0	0	0	0	0	0	0	0	0	0	0	0	0	0	0	0	0	0	0	0	0	0	0	0	0	0	0	0	0	0	0	0	0	0	0	0	0	0	0	0	1
end
